,image_id,category,width(bbox),height(bbox),area,perimeter,solidity,circularity,eccentricity,majorAxis,minorAxis,angle,center_x,center_y,hu1,hu2,hu3,hu4,hu5,hu6,hu7,polygon,min_bbox_points,confidence,unit
0,MHR.6693.jpg,autozooid,760.1513061523438,702.486328125,361988.0,2421.713978767395,0.9435751998321319,0.775636683164224,0.9512319434551821,693.2415771484375,659.4335327148438,32.7545280456543,514,2095,0.16548244347691304,0.0004971606708693456,0.0002162322521564354,3.751750706626342e-07,-2.6680665807946886e-12,7.146021193206248e-09,-2.07370955478596e-12,"[[603, 1768], [602, 1769], [589, 1769], [588, 1770], [578, 1770], [577, 1771], [576, 1771], [575, 1772], [574, 1772], [573, 1773], [572, 1773], [571, 1774], [570, 1774], [568, 1776], [567, 1776], [560, 1783], [559, 1783], [556, 1786], [555, 1786], [553, 1788], [552, 1788], [551, 1789], [549, 1789], [548, 1790], [547, 1790], [546, 1791], [544, 1791], [543, 1792], [542, 1792], [541, 1793], [540, 1793], [539, 1794], [538, 1794], [537, 1795], [536, 1795], [535, 1796], [534, 1796], [533, 1797], [532, 1797], [531, 1798], [530, 1798], [529, 1799], [528, 1799], [527, 1800], [526, 1800], [524, 1802], [523, 1802], [522, 1803], [521, 1803], [520, 1804], [519, 1804], [518, 1805], [517, 1805], [516, 1806], [515, 1806], [513, 1808], [512, 1808], [511, 1809], [510, 1809], [509, 1810], [508, 1810], [507, 1811], [505, 1811], [504, 1812], [503, 1812], [502, 1813], [500, 1813], [499, 1814], [498, 1814], [497, 1815], [483, 1815], [482, 1816], [461, 1816], [460, 1815], [447, 1815], [446, 1814], [426, 1814], [425, 1813], [411, 1813], [410, 1814], [400, 1814], [399, 1815], [388, 1815], [387, 1816], [379, 1816], [378, 1817], [369, 1817], [368, 1818], [361, 1818], [360, 1819], [356, 1819], [355, 1820], [353, 1820], [352, 1821], [349, 1821], [348, 1822], [346, 1822], [345, 1823], [344, 1823], [343, 1824], [341, 1824], [340, 1825], [339, 1825], [338, 1826], [337, 1826], [336, 1827], [335, 1827], [333, 1829], [332, 1829], [327, 1834], [326, 1834], [324, 1836], [323, 1836], [322, 1837], [321, 1837], [319, 1839], [317, 1839], [316, 1840], [315, 1840], [314, 1841], [313, 1841], [312, 1842], [310, 1842], [309, 1843], [307, 1843], [306, 1844], [305, 1844], [304, 1845], [303, 1845], [302, 1846], [301, 1846], [300, 1847], [299, 1847], [298, 1848], [297, 1848], [296, 1849], [295, 1849], [292, 1852], [291, 1852], [283, 1860], [282, 1860], [280, 1862], [278, 1862], [277, 1863], [276, 1863], [275, 1864], [273, 1864], [272, 1865], [271, 1865], [270, 1866], [268, 1866], [267, 1867], [266, 1867], [265, 1868], [263, 1868], [262, 1869], [261, 1869], [260, 1870], [258, 1870], [257, 1871], [255, 1871], [254, 1872], [253, 1872], [252, 1873], [250, 1873], [249, 1874], [248, 1874], [247, 1875], [246, 1875], [245, 1876], [244, 1876], [243, 1877], [242, 1877], [241, 1878], [240, 1878], [238, 1880], [237, 1880], [235, 1882], [234, 1882], [232, 1884], [231, 1884], [230, 1885], [229, 1885], [227, 1887], [226, 1887], [225, 1888], [224, 1888], [218, 1894], [218, 1895], [216, 1897], [216, 1898], [214, 1900], [214, 1901], [213, 1902], [213, 1903], [212, 1904], [212, 1905], [211, 1906], [211, 1907], [210, 1908], [210, 1909], [209, 1910], [209, 1911], [207, 1913], [207, 1914], [204, 1917], [204, 1918], [201, 1921], [200, 1921], [193, 1928], [193, 1929], [191, 1931], [191, 1933], [190, 1934], [190, 1936], [189, 1937], [189, 1939], [188, 1940], [188, 1942], [187, 1943], [187, 1945], [186, 1946], [186, 1948], [185, 1949], [185, 1952], [184, 1953], [184, 1956], [183, 1957], [183, 1958], [182, 1959], [182, 1960], [181, 1961], [181, 1962], [179, 1964], [179, 1965], [164, 1980], [164, 1982], [163, 1983], [163, 1986], [162, 1987], [162, 1990], [161, 1991], [161, 1994], [160, 1995], [160, 1999], [159, 2000], [159, 2005], [158, 2006], [158, 2017], [157, 2018], [157, 2028], [156, 2029], [156, 2034], [155, 2035], [155, 2039], [154, 2040], [154, 2043], [153, 2044], [153, 2047], [152, 2048], [152, 2051], [151, 2052], [151, 2054], [150, 2055], [150, 2056], [149, 2057], [149, 2058], [148, 2059], [148, 2060], [147, 2061], [147, 2062], [144, 2065], [144, 2066], [142, 2068], [142, 2069], [141, 2070], [141, 2071], [140, 2072], [140, 2073], [139, 2074], [139, 2075], [138, 2076], [138, 2077], [137, 2078], [137, 2080], [136, 2081], [136, 2084], [135, 2085], [135, 2089], [134, 2090], [134, 2094], [133, 2095], [133, 2101], [132, 2102], [132, 2117], [131, 2118], [131, 2162], [132, 2163], [132, 2176], [133, 2177], [133, 2182], [134, 2183], [134, 2184], [136, 2186], [136, 2187], [143, 2194], [144, 2194], [146, 2196], [147, 2196], [154, 2203], [154, 2204], [156, 2206], [156, 2207], [157, 2208], [157, 2209], [160, 2212], [160, 2213], [165, 2218], [166, 2218], [168, 2220], [169, 2220], [171, 2222], [172, 2222], [174, 2224], [175, 2224], [181, 2230], [181, 2231], [184, 2234], [184, 2235], [191, 2242], [192, 2242], [194, 2244], [195, 2244], [196, 2245], [197, 2245], [199, 2247], [200, 2247], [203, 2250], [204, 2250], [207, 2253], [207, 2254], [210, 2257], [210, 2258], [217, 2265], [218, 2265], [220, 2267], [221, 2267], [222, 2268], [223, 2268], [224, 2269], [225, 2269], [226, 2270], [227, 2270], [228, 2271], [229, 2271], [230, 2272], [231, 2272], [232, 2273], [233, 2273], [235, 2275], [236, 2275], [248, 2287], [249, 2287], [251, 2289], [252, 2289], [253, 2290], [254, 2290], [255, 2291], [257, 2291], [258, 2292], [260, 2292], [261, 2293], [263, 2293], [264, 2294], [266, 2294], [267, 2295], [268, 2295], [269, 2296], [271, 2296], [272, 2297], [274, 2297], [275, 2298], [276, 2298], [277, 2299], [279, 2299], [280, 2300], [281, 2300], [283, 2302], [284, 2302], [292, 2310], [293, 2310], [296, 2313], [297, 2313], [298, 2314], [299, 2314], [300, 2315], [301, 2315], [302, 2316], [303, 2316], [304, 2317], [305, 2317], [306, 2318], [308, 2318], [309, 2319], [312, 2319], [313, 2320], [315, 2320], [316, 2321], [318, 2321], [319, 2322], [321, 2322], [322, 2323], [323, 2323], [324, 2324], [326, 2324], [327, 2325], [328, 2325], [329, 2326], [331, 2326], [332, 2327], [333, 2327], [335, 2329], [336, 2329], [344, 2337], [345, 2337], [347, 2339], [348, 2339], [350, 2341], [351, 2341], [352, 2342], [353, 2342], [354, 2343], [355, 2343], [356, 2344], [357, 2344], [358, 2345], [360, 2345], [361, 2346], [362, 2346], [363, 2347], [364, 2347], [365, 2348], [366, 2348], [367, 2349], [368, 2349], [371, 2352], [372, 2352], [377, 2357], [377, 2358], [380, 2361], [381, 2361], [384, 2364], [385, 2364], [387, 2366], [388, 2366], [389, 2367], [390, 2367], [391, 2368], [392, 2368], [394, 2370], [395, 2370], [397, 2372], [398, 2372], [407, 2381], [407, 2382], [411, 2386], [412, 2386], [415, 2389], [416, 2389], [417, 2390], [418, 2390], [420, 2392], [421, 2392], [423, 2394], [424, 2394], [429, 2399], [430, 2399], [432, 2401], [432, 2402], [443, 2413], [444, 2413], [446, 2415], [447, 2415], [460, 2428], [460, 2429], [463, 2432], [463, 2433], [467, 2437], [468, 2437], [470, 2439], [472, 2439], [473, 2440], [475, 2440], [476, 2441], [478, 2441], [479, 2442], [481, 2442], [482, 2443], [485, 2443], [486, 2444], [488, 2444], [489, 2445], [492, 2445], [493, 2446], [496, 2446], [497, 2447], [502, 2447], [503, 2448], [508, 2448], [509, 2449], [514, 2449], [515, 2450], [519, 2450], [520, 2451], [542, 2451], [543, 2450], [555, 2450], [556, 2449], [564, 2449], [565, 2448], [573, 2448], [574, 2447], [583, 2447], [584, 2446], [593, 2446], [594, 2445], [604, 2445], [605, 2444], [633, 2444], [634, 2443], [653, 2443], [654, 2442], [664, 2442], [665, 2441], [670, 2441], [671, 2440], [676, 2440], [677, 2439], [681, 2439], [682, 2438], [685, 2438], [686, 2437], [687, 2437], [688, 2436], [689, 2436], [693, 2432], [693, 2431], [694, 2430], [694, 2429], [695, 2428], [695, 2427], [696, 2426], [696, 2425], [697, 2424], [697, 2422], [698, 2421], [698, 2419], [699, 2418], [699, 2416], [700, 2415], [700, 2412], [701, 2411], [701, 2408], [702, 2407], [702, 2402], [703, 2401], [703, 2395], [704, 2394], [704, 2390], [705, 2389], [705, 2385], [706, 2384], [706, 2381], [707, 2380], [707, 2378], [708, 2377], [708, 2375], [709, 2374], [709, 2373], [710, 2372], [710, 2371], [711, 2370], [711, 2369], [712, 2368], [712, 2367], [713, 2366], [713, 2365], [714, 2364], [714, 2363], [715, 2362], [715, 2361], [717, 2359], [717, 2357], [718, 2356], [718, 2346], [719, 2345], [719, 2334], [720, 2333], [720, 2329], [721, 2328], [721, 2324], [722, 2323], [722, 2320], [723, 2319], [723, 2314], [724, 2313], [724, 2308], [725, 2307], [725, 2299], [726, 2298], [726, 2288], [727, 2287], [727, 2280], [728, 2279], [728, 2276], [729, 2275], [729, 2272], [730, 2271], [730, 2269], [731, 2268], [731, 2266], [732, 2265], [732, 2263], [733, 2262], [733, 2260], [734, 2259], [734, 2258], [735, 2257], [735, 2256], [747, 2244], [747, 2243], [749, 2241], [749, 2240], [750, 2239], [750, 2238], [752, 2236], [752, 2234], [753, 2233], [753, 2232], [754, 2231], [754, 2230], [755, 2229], [755, 2228], [756, 2227], [756, 2226], [758, 2224], [758, 2223], [766, 2215], [767, 2215], [770, 2212], [771, 2212], [776, 2207], [776, 2206], [785, 2197], [786, 2197], [788, 2195], [789, 2195], [790, 2194], [791, 2194], [792, 2193], [793, 2193], [794, 2192], [795, 2192], [796, 2191], [797, 2191], [798, 2190], [799, 2190], [800, 2189], [801, 2189], [803, 2187], [804, 2187], [811, 2180], [811, 2179], [813, 2177], [814, 2177], [818, 2173], [819, 2173], [820, 2172], [821, 2172], [822, 2171], [824, 2171], [825, 2170], [828, 2170], [829, 2169], [832, 2169], [833, 2168], [835, 2168], [836, 2167], [839, 2167], [840, 2166], [843, 2166], [844, 2165], [846, 2165], [847, 2164], [849, 2164], [850, 2163], [851, 2163], [852, 2162], [853, 2162], [862, 2153], [862, 2152], [867, 2147], [868, 2147], [871, 2144], [872, 2144], [874, 2142], [875, 2142], [876, 2141], [877, 2141], [880, 2138], [881, 2138], [883, 2136], [883, 2135], [886, 2132], [886, 2129], [887, 2128], [887, 2120], [888, 2119], [888, 2109], [889, 2108], [889, 1976], [888, 1975], [888, 1955], [887, 1954], [887, 1949], [886, 1948], [886, 1943], [885, 1942], [885, 1938], [884, 1937], [884, 1934], [883, 1933], [883, 1930], [881, 1928], [881, 1927], [879, 1925], [879, 1924], [874, 1919], [873, 1919], [869, 1915], [868, 1915], [862, 1909], [861, 1909], [855, 1903], [854, 1903], [851, 1900], [850, 1900], [849, 1899], [846, 1899], [845, 1898], [842, 1898], [841, 1897], [838, 1897], [837, 1896], [833, 1896], [832, 1895], [828, 1895], [827, 1894], [822, 1894], [821, 1893], [818, 1893], [817, 1892], [813, 1892], [812, 1891], [808, 1891], [807, 1890], [804, 1890], [803, 1889], [799, 1889], [798, 1888], [795, 1888], [794, 1887], [792, 1887], [791, 1886], [789, 1886], [788, 1885], [786, 1885], [785, 1884], [784, 1884], [783, 1883], [781, 1883], [780, 1882], [779, 1882], [778, 1881], [777, 1881], [776, 1880], [775, 1880], [774, 1879], [773, 1879], [772, 1878], [771, 1878], [770, 1877], [769, 1877], [767, 1875], [766, 1875], [765, 1874], [764, 1874], [763, 1873], [762, 1873], [761, 1872], [760, 1872], [759, 1871], [758, 1871], [757, 1870], [756, 1870], [755, 1869], [754, 1869], [753, 1868], [751, 1868], [750, 1867], [749, 1867], [748, 1866], [746, 1866], [745, 1865], [743, 1865], [742, 1864], [741, 1864], [740, 1863], [739, 1863], [731, 1855], [731, 1854], [730, 1853], [730, 1852], [728, 1850], [728, 1849], [726, 1847], [726, 1846], [719, 1839], [718, 1839], [716, 1837], [715, 1837], [708, 1830], [708, 1828], [707, 1827], [707, 1826], [706, 1825], [706, 1824], [705, 1823], [705, 1821], [704, 1820], [704, 1819], [703, 1818], [703, 1817], [702, 1816], [702, 1815], [701, 1814], [701, 1813], [700, 1812], [700, 1811], [699, 1810], [699, 1809], [698, 1808], [698, 1807], [696, 1805], [696, 1804], [693, 1801], [692, 1801], [688, 1797], [687, 1797], [686, 1796], [685, 1796], [683, 1794], [682, 1794], [680, 1792], [679, 1792], [676, 1789], [675, 1789], [673, 1787], [672, 1787], [669, 1784], [668, 1784], [664, 1780], [663, 1780], [661, 1778], [660, 1778], [659, 1777], [658, 1777], [657, 1776], [655, 1776], [654, 1775], [653, 1775], [652, 1774], [650, 1774], [649, 1773], [647, 1773], [646, 1772], [643, 1772], [642, 1771], [639, 1771], [638, 1770], [634, 1770], [633, 1769], [612, 1769], [611, 1768]]","[[41, 2163], [398, 1608], [981, 1983], [624, 2538]]",0.99995553,pixels
1,MHR.6693.jpg,autozooid,574.2559814453125,711.5404052734375,241365.0,2028.0327392816544,0.9448231722712513,0.7374528095318377,0.6885826924924103,671.013671875,462.04840087890625,46.61923599243164,1213,2081,0.17599974332444934,0.004291542558201333,0.00014616919779409423,7.643666044076921e-06,7.054789411716663e-11,2.565128368370667e-07,-2.4556081378967164e-10,"[[1174, 1759], [1173, 1760], [1170, 1760], [1169, 1761], [1165, 1761], [1164, 1762], [1161, 1762], [1160, 1763], [1156, 1763], [1155, 1764], [1152, 1764], [1151, 1765], [1148, 1765], [1147, 1766], [1145, 1766], [1144, 1767], [1142, 1767], [1141, 1768], [1138, 1768], [1137, 1769], [1135, 1769], [1134, 1770], [1133, 1770], [1132, 1771], [1131, 1771], [1130, 1772], [1129, 1772], [1128, 1773], [1127, 1773], [1126, 1774], [1125, 1774], [1124, 1775], [1123, 1775], [1122, 1776], [1120, 1776], [1119, 1777], [1118, 1777], [1117, 1778], [1115, 1778], [1114, 1779], [1111, 1779], [1110, 1780], [1108, 1780], [1107, 1781], [1104, 1781], [1103, 1782], [1100, 1782], [1099, 1783], [1095, 1783], [1094, 1784], [1091, 1784], [1090, 1785], [1086, 1785], [1085, 1786], [1082, 1786], [1081, 1787], [1078, 1787], [1077, 1788], [1074, 1788], [1073, 1789], [1071, 1789], [1069, 1791], [1068, 1791], [1061, 1798], [1061, 1799], [1056, 1804], [1055, 1804], [1053, 1806], [1052, 1806], [1049, 1809], [1048, 1809], [1040, 1817], [1040, 1818], [1038, 1820], [1038, 1821], [1037, 1822], [1037, 1823], [1035, 1825], [1035, 1826], [1032, 1829], [1032, 1830], [1027, 1835], [1027, 1836], [1026, 1837], [1026, 1838], [1024, 1840], [1024, 1841], [1023, 1842], [1023, 1843], [1022, 1844], [1022, 1846], [1021, 1847], [1021, 1849], [1020, 1850], [1020, 1852], [1019, 1853], [1019, 1855], [1018, 1856], [1018, 1858], [1017, 1859], [1017, 1860], [1016, 1861], [1016, 1862], [1015, 1863], [1015, 1864], [1014, 1865], [1014, 1866], [1013, 1867], [1013, 1868], [1012, 1869], [1012, 1870], [1010, 1872], [1010, 1873], [1009, 1874], [1009, 1875], [1007, 1877], [1007, 1878], [1006, 1879], [1006, 1880], [1005, 1881], [1005, 1882], [1004, 1883], [1004, 1885], [1003, 1886], [1003, 1887], [1002, 1888], [1002, 1889], [1001, 1890], [1001, 1892], [1000, 1893], [1000, 1895], [999, 1896], [999, 1898], [998, 1899], [998, 1900], [996, 1902], [996, 1903], [989, 1910], [987, 1910], [986, 1911], [984, 1911], [983, 1912], [980, 1912], [979, 1913], [977, 1913], [976, 1914], [973, 1914], [972, 1915], [969, 1915], [968, 1916], [966, 1916], [965, 1917], [963, 1917], [962, 1918], [961, 1918], [960, 1919], [959, 1919], [958, 1920], [957, 1920], [956, 1921], [955, 1921], [954, 1922], [953, 1922], [951, 1924], [950, 1924], [949, 1925], [934, 1925], [933, 1924], [929, 1924], [928, 1925], [927, 1925], [923, 1929], [923, 1930], [922, 1931], [922, 1932], [921, 1933], [921, 1934], [920, 1935], [920, 1937], [919, 1938], [919, 1940], [918, 1941], [918, 1945], [917, 1946], [917, 1960], [918, 1961], [918, 1974], [919, 1975], [919, 1990], [920, 1991], [920, 2004], [921, 2005], [921, 2016], [922, 2017], [922, 2027], [923, 2028], [923, 2034], [924, 2035], [924, 2041], [925, 2042], [925, 2047], [926, 2048], [926, 2053], [927, 2054], [927, 2060], [928, 2061], [928, 2066], [929, 2067], [929, 2072], [930, 2073], [930, 2088], [929, 2089], [929, 2101], [928, 2102], [929, 2103], [929, 2104], [931, 2106], [931, 2107], [933, 2109], [933, 2110], [935, 2112], [935, 2113], [939, 2117], [939, 2118], [950, 2129], [951, 2129], [954, 2132], [955, 2132], [956, 2133], [957, 2133], [958, 2134], [959, 2134], [960, 2135], [961, 2135], [962, 2136], [963, 2136], [964, 2137], [966, 2137], [967, 2138], [968, 2138], [969, 2139], [973, 2139], [974, 2140], [977, 2140], [978, 2141], [981, 2141], [982, 2142], [986, 2142], [987, 2143], [989, 2143], [990, 2144], [991, 2144], [993, 2146], [994, 2146], [999, 2151], [999, 2152], [1002, 2155], [1002, 2156], [1006, 2160], [1007, 2160], [1009, 2162], [1010, 2162], [1011, 2163], [1012, 2163], [1013, 2164], [1015, 2164], [1016, 2165], [1017, 2165], [1018, 2166], [1020, 2166], [1021, 2167], [1022, 2167], [1023, 2168], [1025, 2168], [1026, 2169], [1027, 2169], [1028, 2170], [1029, 2170], [1030, 2171], [1031, 2171], [1037, 2177], [1037, 2178], [1039, 2180], [1039, 2181], [1046, 2188], [1047, 2188], [1049, 2190], [1050, 2190], [1051, 2191], [1052, 2191], [1054, 2193], [1055, 2193], [1057, 2195], [1058, 2195], [1062, 2199], [1062, 2200], [1064, 2202], [1064, 2203], [1066, 2205], [1066, 2206], [1068, 2208], [1068, 2209], [1072, 2213], [1073, 2213], [1076, 2216], [1077, 2216], [1082, 2221], [1082, 2222], [1085, 2225], [1085, 2226], [1087, 2228], [1087, 2229], [1088, 2230], [1088, 2231], [1101, 2244], [1101, 2245], [1103, 2247], [1103, 2248], [1105, 2250], [1105, 2251], [1106, 2252], [1106, 2253], [1107, 2254], [1107, 2255], [1108, 2256], [1108, 2257], [1110, 2259], [1110, 2260], [1114, 2264], [1115, 2264], [1118, 2267], [1118, 2268], [1121, 2271], [1121, 2272], [1123, 2274], [1123, 2275], [1124, 2276], [1124, 2277], [1125, 2278], [1125, 2279], [1126, 2280], [1126, 2281], [1127, 2282], [1127, 2283], [1128, 2284], [1128, 2285], [1129, 2286], [1129, 2287], [1139, 2297], [1139, 2298], [1141, 2300], [1141, 2301], [1142, 2302], [1142, 2303], [1143, 2304], [1143, 2305], [1144, 2306], [1144, 2307], [1145, 2308], [1145, 2309], [1146, 2310], [1146, 2311], [1147, 2312], [1147, 2313], [1150, 2316], [1150, 2317], [1159, 2326], [1159, 2327], [1161, 2329], [1161, 2330], [1162, 2331], [1162, 2332], [1163, 2333], [1163, 2335], [1164, 2336], [1164, 2337], [1165, 2338], [1165, 2339], [1166, 2340], [1166, 2342], [1167, 2343], [1167, 2344], [1168, 2345], [1168, 2346], [1170, 2348], [1170, 2349], [1171, 2350], [1171, 2351], [1172, 2352], [1172, 2353], [1174, 2355], [1174, 2356], [1178, 2360], [1178, 2361], [1182, 2365], [1182, 2366], [1184, 2368], [1184, 2369], [1187, 2372], [1187, 2373], [1189, 2375], [1189, 2376], [1191, 2378], [1191, 2379], [1192, 2380], [1192, 2381], [1195, 2384], [1195, 2385], [1196, 2385], [1200, 2389], [1200, 2390], [1206, 2396], [1206, 2397], [1209, 2400], [1209, 2401], [1211, 2403], [1211, 2404], [1212, 2405], [1212, 2406], [1214, 2408], [1214, 2409], [1219, 2414], [1220, 2414], [1233, 2427], [1233, 2428], [1236, 2431], [1240, 2431], [1241, 2430], [1247, 2430], [1248, 2429], [1254, 2429], [1255, 2428], [1257, 2428], [1259, 2426], [1260, 2426], [1263, 2423], [1264, 2423], [1265, 2422], [1266, 2422], [1267, 2421], [1268, 2421], [1269, 2420], [1270, 2420], [1271, 2419], [1272, 2419], [1273, 2418], [1274, 2418], [1275, 2417], [1277, 2417], [1279, 2415], [1280, 2415], [1286, 2409], [1286, 2408], [1288, 2406], [1288, 2405], [1289, 2404], [1289, 2403], [1296, 2396], [1297, 2396], [1298, 2395], [1299, 2395], [1300, 2394], [1302, 2394], [1303, 2393], [1305, 2393], [1306, 2392], [1308, 2392], [1309, 2391], [1312, 2391], [1313, 2390], [1315, 2390], [1316, 2389], [1318, 2389], [1319, 2388], [1320, 2388], [1321, 2387], [1322, 2387], [1323, 2386], [1324, 2386], [1325, 2385], [1326, 2385], [1328, 2383], [1329, 2383], [1335, 2377], [1336, 2377], [1338, 2375], [1339, 2375], [1340, 2374], [1341, 2374], [1342, 2373], [1344, 2373], [1345, 2372], [1346, 2372], [1347, 2371], [1350, 2371], [1351, 2370], [1353, 2370], [1354, 2369], [1357, 2369], [1358, 2368], [1363, 2368], [1364, 2367], [1370, 2367], [1371, 2366], [1376, 2366], [1377, 2365], [1380, 2365], [1381, 2364], [1383, 2364], [1384, 2363], [1386, 2363], [1387, 2362], [1388, 2362], [1389, 2361], [1390, 2361], [1391, 2360], [1392, 2360], [1393, 2359], [1394, 2359], [1395, 2358], [1396, 2358], [1399, 2355], [1400, 2355], [1401, 2354], [1402, 2354], [1403, 2353], [1405, 2353], [1406, 2352], [1408, 2352], [1409, 2351], [1411, 2351], [1412, 2350], [1415, 2350], [1416, 2349], [1419, 2349], [1420, 2348], [1424, 2348], [1425, 2347], [1430, 2347], [1431, 2346], [1436, 2346], [1437, 2345], [1443, 2345], [1444, 2344], [1448, 2344], [1449, 2343], [1453, 2343], [1454, 2342], [1458, 2342], [1459, 2341], [1462, 2341], [1463, 2340], [1463, 2339], [1466, 2336], [1466, 2335], [1467, 2334], [1467, 2333], [1468, 2332], [1468, 2327], [1469, 2326], [1469, 2306], [1470, 2305], [1470, 2276], [1469, 2275], [1469, 2261], [1468, 2260], [1468, 2222], [1467, 2221], [1467, 2192], [1468, 2191], [1468, 2171], [1467, 2170], [1467, 2160], [1466, 2159], [1466, 2152], [1465, 2151], [1465, 2146], [1464, 2145], [1464, 2141], [1463, 2140], [1463, 2137], [1462, 2136], [1462, 2133], [1461, 2132], [1461, 2129], [1460, 2128], [1460, 2127], [1459, 2126], [1459, 2124], [1458, 2123], [1458, 2122], [1457, 2121], [1457, 2119], [1456, 2118], [1456, 2115], [1455, 2114], [1455, 2112], [1454, 2111], [1454, 2107], [1453, 2106], [1453, 2102], [1452, 2101], [1452, 2089], [1451, 2088], [1451, 2076], [1450, 2075], [1450, 2069], [1449, 2068], [1449, 2062], [1448, 2061], [1448, 2056], [1447, 2055], [1447, 2051], [1446, 2050], [1446, 2047], [1445, 2046], [1445, 2044], [1444, 2043], [1444, 2041], [1443, 2040], [1443, 2038], [1442, 2037], [1442, 2036], [1441, 2035], [1441, 2033], [1440, 2032], [1440, 2031], [1439, 2030], [1439, 2029], [1438, 2028], [1438, 2026], [1437, 2025], [1437, 2022], [1436, 2021], [1436, 2019], [1435, 2018], [1435, 2015], [1434, 2014], [1434, 2010], [1433, 2009], [1433, 2005], [1432, 2004], [1432, 2000], [1431, 1999], [1431, 1996], [1430, 1995], [1430, 1993], [1429, 1992], [1429, 1989], [1428, 1988], [1428, 1986], [1427, 1985], [1427, 1983], [1426, 1982], [1426, 1980], [1425, 1979], [1425, 1977], [1424, 1976], [1424, 1975], [1422, 1973], [1422, 1972], [1417, 1967], [1417, 1966], [1414, 1963], [1414, 1962], [1411, 1959], [1411, 1958], [1410, 1957], [1410, 1956], [1408, 1954], [1408, 1953], [1407, 1952], [1407, 1951], [1406, 1950], [1406, 1949], [1403, 1946], [1403, 1945], [1399, 1941], [1398, 1941], [1395, 1938], [1394, 1938], [1391, 1935], [1390, 1935], [1387, 1932], [1386, 1932], [1382, 1928], [1381, 1928], [1377, 1924], [1377, 1923], [1361, 1907], [1360, 1907], [1355, 1902], [1355, 1901], [1353, 1899], [1353, 1898], [1350, 1895], [1350, 1894], [1346, 1890], [1346, 1889], [1342, 1885], [1341, 1885], [1336, 1880], [1336, 1879], [1333, 1876], [1333, 1875], [1332, 1874], [1332, 1873], [1331, 1872], [1331, 1871], [1330, 1870], [1330, 1869], [1329, 1868], [1329, 1867], [1328, 1866], [1328, 1865], [1326, 1863], [1326, 1862], [1325, 1861], [1325, 1860], [1322, 1857], [1322, 1856], [1319, 1853], [1319, 1852], [1315, 1848], [1315, 1847], [1313, 1845], [1313, 1844], [1310, 1841], [1310, 1840], [1306, 1836], [1306, 1835], [1302, 1831], [1302, 1830], [1295, 1823], [1295, 1822], [1286, 1813], [1285, 1813], [1283, 1811], [1282, 1811], [1280, 1809], [1279, 1809], [1278, 1808], [1277, 1808], [1275, 1806], [1274, 1806], [1265, 1797], [1265, 1796], [1262, 1793], [1261, 1793], [1258, 1790], [1257, 1790], [1256, 1789], [1253, 1789], [1252, 1788], [1249, 1788], [1248, 1787], [1245, 1787], [1244, 1786], [1241, 1786], [1240, 1785], [1236, 1785], [1235, 1784], [1234, 1784], [1233, 1783], [1231, 1783], [1230, 1782], [1229, 1782], [1228, 1781], [1227, 1781], [1226, 1780], [1225, 1780], [1224, 1779], [1223, 1779], [1221, 1777], [1220, 1777], [1217, 1774], [1216, 1774], [1212, 1770], [1211, 1770], [1209, 1768], [1208, 1768], [1206, 1766], [1205, 1766], [1204, 1765], [1203, 1765], [1202, 1764], [1201, 1764], [1200, 1763], [1199, 1763], [1198, 1762], [1197, 1762], [1196, 1761], [1189, 1761], [1188, 1760], [1178, 1760], [1177, 1759]]","[[836, 2009], [1171, 1691], [1632, 2179], [1297, 2496]]",0.9999356,pixels
2,MHR.6693.jpg,autozooid,553.0909423828125,606.0346069335938,166180.0,2023.1799249649048,0.7983167037369754,0.5101755067454492,0.8041006867168218,584.3926391601562,469.9105224609375,78.85710906982422,532,1000,0.20433927632009338,0.005783358272561374,0.001361411516792562,0.00044760944295818865,1.7874102384606164e-07,2.6983940874845268e-05,-3.0023928346528387e-07,"[[457, 753], [456, 754], [448, 754], [447, 755], [441, 755], [440, 756], [438, 756], [437, 757], [436, 757], [435, 758], [433, 758], [432, 759], [431, 759], [430, 760], [429, 760], [427, 762], [426, 762], [425, 763], [424, 763], [423, 764], [422, 764], [421, 765], [420, 765], [419, 766], [417, 766], [416, 767], [413, 767], [412, 768], [410, 768], [409, 769], [406, 769], [405, 770], [403, 770], [402, 771], [400, 771], [399, 772], [397, 772], [396, 773], [394, 773], [393, 774], [392, 774], [391, 775], [389, 775], [388, 776], [387, 776], [386, 777], [385, 777], [384, 778], [383, 778], [382, 779], [381, 779], [379, 781], [378, 781], [374, 785], [373, 785], [371, 787], [370, 787], [368, 789], [367, 789], [366, 790], [364, 790], [363, 791], [362, 791], [360, 793], [359, 793], [357, 795], [356, 795], [349, 802], [349, 803], [336, 816], [336, 817], [334, 819], [334, 820], [332, 822], [332, 823], [331, 824], [331, 825], [330, 826], [330, 827], [329, 828], [329, 829], [319, 839], [319, 840], [317, 842], [317, 843], [315, 845], [315, 846], [314, 847], [314, 849], [313, 850], [313, 851], [312, 852], [312, 853], [311, 854], [311, 856], [310, 857], [310, 858], [308, 860], [308, 861], [307, 862], [307, 863], [305, 865], [305, 866], [302, 869], [302, 870], [301, 871], [301, 872], [299, 874], [299, 875], [298, 876], [298, 877], [297, 878], [297, 879], [296, 880], [296, 881], [295, 882], [295, 883], [294, 884], [294, 886], [293, 887], [293, 888], [292, 889], [292, 891], [291, 892], [291, 893], [290, 894], [290, 895], [289, 896], [289, 897], [288, 898], [288, 899], [287, 900], [287, 901], [285, 903], [285, 904], [283, 906], [283, 907], [282, 908], [282, 909], [281, 910], [281, 912], [280, 913], [280, 914], [281, 915], [281, 932], [282, 933], [282, 935], [283, 936], [283, 937], [285, 939], [285, 940], [286, 941], [286, 942], [287, 943], [287, 944], [288, 945], [288, 946], [289, 947], [289, 948], [290, 949], [290, 951], [291, 952], [291, 954], [292, 955], [292, 959], [293, 960], [293, 966], [294, 967], [294, 972], [295, 973], [295, 979], [296, 980], [296, 983], [297, 984], [297, 987], [298, 988], [298, 990], [299, 991], [299, 992], [300, 993], [300, 995], [301, 996], [301, 997], [302, 998], [302, 999], [303, 1000], [303, 1001], [305, 1003], [305, 1004], [306, 1005], [306, 1006], [307, 1007], [307, 1008], [308, 1009], [308, 1010], [309, 1011], [309, 1013], [310, 1014], [310, 1016], [311, 1017], [311, 1019], [312, 1020], [312, 1029], [313, 1030], [313, 1044], [314, 1045], [314, 1066], [315, 1067], [315, 1081], [316, 1082], [316, 1088], [317, 1089], [317, 1091], [318, 1092], [318, 1094], [319, 1095], [319, 1097], [320, 1098], [320, 1099], [321, 1100], [321, 1101], [322, 1102], [322, 1103], [324, 1105], [324, 1106], [326, 1108], [326, 1109], [327, 1110], [327, 1111], [328, 1112], [328, 1113], [329, 1114], [329, 1115], [330, 1116], [330, 1118], [331, 1119], [331, 1121], [332, 1122], [332, 1125], [333, 1126], [333, 1130], [334, 1131], [334, 1137], [335, 1138], [335, 1143], [336, 1144], [336, 1149], [337, 1150], [337, 1152], [338, 1153], [338, 1154], [339, 1155], [339, 1156], [340, 1157], [340, 1158], [342, 1160], [342, 1161], [346, 1165], [346, 1166], [348, 1168], [348, 1169], [349, 1170], [349, 1171], [350, 1172], [350, 1174], [351, 1175], [351, 1178], [352, 1179], [352, 1182], [353, 1183], [353, 1186], [354, 1187], [354, 1191], [355, 1192], [355, 1195], [356, 1196], [356, 1197], [357, 1198], [357, 1200], [358, 1201], [358, 1202], [359, 1203], [359, 1204], [361, 1206], [361, 1207], [366, 1212], [366, 1213], [370, 1217], [370, 1218], [371, 1218], [375, 1222], [376, 1222], [377, 1223], [378, 1223], [380, 1225], [382, 1225], [383, 1226], [385, 1226], [386, 1227], [388, 1227], [389, 1228], [391, 1228], [392, 1229], [393, 1229], [394, 1230], [395, 1230], [396, 1231], [397, 1231], [398, 1232], [399, 1232], [402, 1235], [403, 1235], [405, 1237], [406, 1237], [407, 1238], [408, 1238], [409, 1239], [410, 1239], [411, 1240], [412, 1240], [413, 1241], [414, 1241], [415, 1242], [417, 1242], [418, 1243], [420, 1243], [421, 1244], [423, 1244], [425, 1242], [426, 1242], [430, 1238], [430, 1231], [429, 1230], [429, 1225], [428, 1224], [428, 1218], [427, 1217], [427, 1214], [428, 1213], [428, 1210], [429, 1209], [429, 1207], [430, 1206], [430, 1203], [431, 1202], [431, 1200], [432, 1199], [432, 1197], [433, 1196], [433, 1195], [434, 1194], [434, 1188], [435, 1187], [435, 1179], [436, 1178], [436, 1172], [437, 1171], [437, 1170], [438, 1169], [438, 1168], [439, 1167], [439, 1166], [440, 1165], [440, 1164], [442, 1162], [442, 1161], [445, 1158], [445, 1157], [447, 1155], [447, 1154], [449, 1152], [449, 1151], [455, 1145], [456, 1145], [458, 1143], [459, 1143], [461, 1141], [463, 1141], [464, 1140], [466, 1140], [467, 1139], [469, 1139], [470, 1138], [471, 1138], [472, 1137], [474, 1137], [475, 1136], [477, 1136], [478, 1135], [479, 1135], [480, 1134], [482, 1134], [483, 1133], [484, 1133], [485, 1132], [486, 1132], [487, 1131], [488, 1131], [489, 1130], [490, 1130], [491, 1129], [492, 1129], [493, 1128], [494, 1128], [495, 1127], [496, 1127], [497, 1126], [499, 1126], [500, 1125], [502, 1125], [503, 1124], [507, 1124], [508, 1123], [514, 1123], [515, 1122], [520, 1122], [521, 1121], [526, 1121], [527, 1120], [532, 1120], [533, 1119], [539, 1119], [540, 1118], [552, 1118], [553, 1117], [565, 1117], [566, 1116], [579, 1116], [580, 1115], [581, 1115], [582, 1116], [597, 1116], [598, 1117], [621, 1117], [622, 1118], [628, 1118], [629, 1119], [635, 1119], [636, 1120], [640, 1120], [641, 1121], [643, 1121], [644, 1122], [645, 1122], [646, 1123], [647, 1123], [648, 1124], [649, 1124], [650, 1125], [651, 1125], [653, 1127], [654, 1127], [656, 1129], [657, 1129], [658, 1130], [659, 1130], [662, 1133], [663, 1133], [666, 1136], [667, 1136], [669, 1138], [670, 1138], [672, 1140], [673, 1140], [674, 1141], [675, 1141], [677, 1143], [678, 1143], [680, 1145], [681, 1145], [686, 1150], [686, 1151], [687, 1152], [687, 1153], [689, 1155], [689, 1156], [692, 1159], [692, 1160], [702, 1170], [702, 1171], [704, 1173], [704, 1174], [705, 1175], [705, 1177], [706, 1178], [706, 1179], [707, 1180], [707, 1181], [708, 1182], [708, 1184], [709, 1185], [709, 1187], [710, 1188], [710, 1190], [711, 1191], [711, 1193], [712, 1194], [712, 1195], [713, 1196], [713, 1198], [714, 1199], [714, 1200], [715, 1201], [715, 1202], [716, 1203], [716, 1204], [717, 1205], [717, 1206], [718, 1207], [718, 1208], [720, 1210], [720, 1211], [722, 1213], [722, 1214], [723, 1215], [723, 1219], [724, 1220], [724, 1225], [725, 1226], [725, 1230], [726, 1231], [726, 1235], [727, 1236], [727, 1240], [728, 1241], [728, 1246], [729, 1247], [729, 1253], [730, 1254], [730, 1263], [731, 1264], [731, 1280], [732, 1281], [732, 1282], [735, 1285], [735, 1286], [738, 1289], [740, 1289], [741, 1288], [758, 1288], [759, 1287], [764, 1287], [765, 1286], [769, 1286], [770, 1285], [774, 1285], [775, 1284], [779, 1284], [780, 1283], [781, 1283], [782, 1282], [784, 1282], [785, 1281], [787, 1281], [788, 1280], [789, 1280], [790, 1279], [791, 1279], [792, 1278], [794, 1278], [795, 1277], [797, 1277], [798, 1276], [799, 1276], [800, 1275], [801, 1275], [802, 1274], [803, 1274], [805, 1272], [806, 1272], [807, 1271], [808, 1271], [809, 1270], [810, 1270], [812, 1268], [813, 1268], [815, 1266], [816, 1266], [819, 1263], [819, 1262], [821, 1260], [821, 1253], [820, 1252], [820, 1244], [819, 1243], [819, 1237], [818, 1236], [818, 1235], [817, 1234], [817, 1233], [816, 1232], [816, 1231], [815, 1230], [815, 1229], [814, 1228], [814, 1227], [813, 1226], [813, 1224], [812, 1223], [812, 1221], [811, 1220], [811, 1218], [810, 1217], [810, 1213], [809, 1212], [809, 1208], [808, 1207], [808, 1202], [807, 1201], [807, 1195], [806, 1194], [806, 1190], [805, 1189], [805, 1185], [804, 1184], [804, 1181], [803, 1180], [803, 1178], [802, 1177], [802, 1175], [801, 1174], [801, 1172], [800, 1171], [800, 1170], [799, 1169], [799, 1168], [798, 1167], [798, 1166], [796, 1164], [796, 1163], [795, 1162], [795, 1161], [794, 1160], [794, 1159], [793, 1158], [793, 1157], [792, 1156], [792, 1154], [791, 1153], [791, 1151], [790, 1150], [790, 1141], [789, 1140], [789, 1129], [788, 1128], [788, 1115], [787, 1114], [787, 1101], [786, 1100], [786, 1090], [785, 1089], [785, 1079], [784, 1078], [784, 1069], [783, 1068], [783, 1057], [782, 1056], [782, 1044], [781, 1043], [781, 1039], [780, 1038], [780, 1036], [779, 1035], [779, 1033], [778, 1032], [778, 1030], [777, 1029], [777, 1027], [776, 1026], [776, 1024], [775, 1023], [775, 1021], [774, 1020], [774, 1010], [773, 1009], [773, 999], [772, 998], [772, 994], [771, 993], [771, 989], [770, 988], [770, 984], [769, 983], [769, 978], [768, 977], [768, 975], [767, 974], [767, 972], [766, 971], [766, 970], [765, 969], [765, 968], [764, 967], [764, 966], [763, 965], [763, 964], [761, 962], [761, 961], [758, 958], [758, 957], [750, 949], [749, 949], [746, 946], [745, 946], [743, 944], [742, 944], [740, 942], [739, 942], [731, 934], [731, 933], [730, 932], [730, 931], [727, 928], [727, 927], [723, 923], [722, 923], [719, 920], [718, 920], [711, 913], [711, 912], [703, 904], [702, 904], [700, 902], [699, 902], [697, 900], [696, 900], [690, 894], [690, 893], [688, 891], [688, 890], [680, 882], [679, 882], [678, 881], [677, 881], [675, 879], [674, 879], [672, 877], [671, 877], [666, 872], [666, 871], [658, 863], [657, 863], [656, 862], [655, 862], [653, 860], [652, 860], [651, 859], [650, 859], [647, 856], [646, 856], [644, 854], [643, 854], [640, 851], [639, 851], [629, 841], [628, 841], [627, 840], [626, 840], [624, 838], [622, 838], [621, 837], [620, 837], [619, 836], [618, 836], [617, 835], [616, 835], [615, 834], [614, 834], [612, 832], [611, 832], [600, 821], [599, 821], [598, 820], [597, 820], [596, 819], [594, 819], [593, 818], [592, 818], [591, 817], [589, 817], [588, 816], [587, 816], [586, 815], [584, 815], [583, 814], [581, 814], [580, 813], [579, 813], [578, 812], [577, 812], [576, 811], [575, 811], [563, 799], [562, 799], [561, 798], [560, 798], [559, 797], [558, 797], [557, 796], [555, 796], [554, 795], [552, 795], [551, 794], [549, 794], [548, 793], [546, 793], [545, 792], [543, 792], [542, 791], [541, 791], [540, 790], [539, 790], [532, 783], [532, 782], [524, 774], [523, 774], [522, 773], [521, 773], [520, 772], [519, 772], [518, 771], [517, 771], [516, 770], [515, 770], [514, 769], [513, 769], [511, 767], [510, 767], [506, 763], [505, 763], [504, 762], [504, 761], [503, 761], [500, 758], [498, 758], [497, 757], [495, 757], [494, 756], [492, 756], [491, 755], [488, 755], [487, 754], [484, 754], [483, 753]]","[[253, 791], [714, 701], [827, 1274], [366, 1365]]",0.99992025,pixels
3,MHR.6693.jpg,autozooid,553.9356689453125,566.3131103515625,214661.0,1858.670258641243,0.9435088467277766,0.7808332758731267,0.7300139420381605,630.137451171875,460.0091247558594,33.58901596069336,1504,260,0.166323813887168,0.0016418621100562315,1.2006976891781823e-05,9.275080380882609e-07,1.2307896482098742e-12,3.6976791887090575e-08,-2.8400043592491965e-12,"[[1363, 8], [1362, 9], [1357, 9], [1356, 10], [1352, 10], [1351, 11], [1348, 11], [1347, 12], [1345, 12], [1344, 13], [1342, 13], [1341, 14], [1340, 14], [1338, 16], [1337, 16], [1335, 18], [1334, 18], [1331, 21], [1330, 21], [1328, 23], [1327, 23], [1326, 24], [1325, 24], [1324, 25], [1323, 25], [1321, 27], [1320, 27], [1319, 28], [1318, 28], [1316, 30], [1315, 30], [1313, 32], [1312, 32], [1308, 36], [1307, 36], [1302, 41], [1302, 42], [1297, 47], [1297, 48], [1294, 51], [1294, 52], [1291, 55], [1291, 56], [1281, 66], [1281, 67], [1278, 70], [1278, 71], [1276, 73], [1276, 74], [1274, 76], [1274, 77], [1273, 78], [1273, 79], [1266, 86], [1266, 87], [1263, 90], [1263, 91], [1261, 93], [1261, 94], [1260, 95], [1260, 96], [1259, 97], [1259, 99], [1258, 100], [1258, 101], [1256, 103], [1256, 104], [1255, 105], [1255, 106], [1253, 108], [1253, 109], [1246, 116], [1246, 117], [1244, 119], [1244, 121], [1243, 122], [1243, 125], [1242, 126], [1242, 130], [1241, 131], [1241, 135], [1240, 136], [1240, 147], [1239, 148], [1239, 239], [1240, 240], [1240, 251], [1241, 252], [1241, 261], [1242, 262], [1242, 266], [1243, 267], [1243, 271], [1244, 272], [1244, 275], [1245, 276], [1245, 279], [1246, 280], [1246, 281], [1247, 282], [1247, 283], [1248, 284], [1248, 285], [1250, 287], [1250, 289], [1251, 290], [1251, 291], [1252, 292], [1252, 294], [1253, 295], [1253, 297], [1254, 298], [1254, 300], [1255, 301], [1255, 308], [1256, 309], [1256, 316], [1257, 317], [1257, 330], [1258, 331], [1258, 343], [1259, 344], [1259, 350], [1260, 351], [1260, 356], [1261, 357], [1261, 361], [1262, 362], [1262, 363], [1263, 364], [1263, 365], [1264, 366], [1264, 367], [1266, 369], [1266, 370], [1270, 374], [1270, 375], [1272, 377], [1272, 378], [1274, 380], [1274, 381], [1276, 383], [1276, 384], [1277, 385], [1278, 385], [1282, 389], [1283, 389], [1284, 390], [1285, 390], [1286, 391], [1287, 391], [1288, 392], [1290, 392], [1291, 393], [1292, 393], [1293, 394], [1294, 394], [1295, 395], [1296, 395], [1297, 396], [1298, 396], [1300, 398], [1301, 398], [1303, 400], [1304, 400], [1307, 403], [1308, 403], [1310, 405], [1311, 405], [1312, 406], [1313, 406], [1314, 407], [1315, 407], [1316, 408], [1317, 408], [1318, 409], [1319, 409], [1320, 410], [1322, 410], [1323, 411], [1325, 411], [1326, 412], [1328, 412], [1329, 413], [1331, 413], [1332, 414], [1333, 414], [1334, 415], [1336, 415], [1337, 416], [1338, 416], [1339, 417], [1340, 417], [1341, 418], [1342, 418], [1344, 420], [1345, 420], [1350, 425], [1351, 425], [1353, 427], [1354, 427], [1355, 428], [1356, 428], [1357, 429], [1358, 429], [1359, 430], [1360, 430], [1361, 431], [1362, 431], [1363, 432], [1365, 432], [1366, 433], [1368, 433], [1369, 434], [1370, 434], [1371, 435], [1372, 435], [1373, 436], [1374, 436], [1375, 437], [1376, 437], [1380, 441], [1381, 441], [1385, 445], [1386, 445], [1387, 446], [1388, 446], [1390, 448], [1391, 448], [1392, 449], [1393, 449], [1394, 450], [1395, 450], [1396, 451], [1397, 451], [1398, 452], [1399, 452], [1400, 453], [1401, 453], [1402, 454], [1403, 454], [1404, 455], [1406, 455], [1408, 457], [1409, 457], [1418, 466], [1419, 466], [1421, 468], [1422, 468], [1423, 469], [1424, 469], [1425, 470], [1426, 470], [1427, 471], [1429, 471], [1430, 472], [1431, 472], [1432, 473], [1433, 473], [1434, 474], [1436, 474], [1437, 475], [1438, 475], [1439, 476], [1440, 476], [1442, 478], [1443, 478], [1444, 479], [1445, 479], [1452, 486], [1453, 486], [1456, 489], [1457, 489], [1458, 490], [1459, 490], [1461, 492], [1462, 492], [1463, 493], [1464, 493], [1465, 494], [1466, 494], [1467, 495], [1468, 495], [1470, 497], [1471, 497], [1482, 508], [1483, 508], [1484, 509], [1485, 509], [1487, 511], [1488, 511], [1489, 512], [1490, 512], [1492, 514], [1493, 514], [1496, 517], [1497, 517], [1513, 533], [1514, 533], [1518, 537], [1518, 538], [1527, 547], [1528, 547], [1534, 553], [1535, 553], [1541, 559], [1541, 560], [1544, 563], [1547, 560], [1548, 560], [1552, 556], [1553, 556], [1556, 553], [1557, 553], [1559, 551], [1560, 551], [1563, 548], [1564, 548], [1564, 547], [1566, 545], [1566, 544], [1567, 543], [1567, 542], [1568, 541], [1568, 540], [1570, 538], [1570, 537], [1571, 536], [1571, 535], [1572, 534], [1572, 533], [1573, 532], [1573, 531], [1575, 529], [1575, 528], [1576, 527], [1576, 526], [1577, 525], [1577, 524], [1578, 523], [1578, 522], [1595, 505], [1595, 504], [1597, 502], [1597, 501], [1604, 494], [1605, 494], [1608, 491], [1609, 491], [1625, 475], [1626, 475], [1629, 472], [1630, 472], [1634, 468], [1635, 468], [1639, 464], [1640, 464], [1643, 461], [1644, 461], [1645, 460], [1647, 460], [1648, 459], [1650, 459], [1651, 458], [1653, 458], [1654, 457], [1657, 457], [1658, 456], [1660, 456], [1661, 455], [1664, 455], [1665, 454], [1667, 454], [1668, 453], [1671, 453], [1672, 452], [1674, 452], [1675, 451], [1678, 451], [1679, 450], [1681, 450], [1682, 449], [1711, 449], [1712, 448], [1726, 448], [1727, 449], [1734, 449], [1735, 450], [1759, 450], [1760, 449], [1769, 449], [1770, 448], [1776, 448], [1777, 447], [1781, 447], [1785, 443], [1785, 442], [1786, 441], [1786, 439], [1787, 438], [1787, 435], [1788, 434], [1788, 430], [1789, 429], [1789, 425], [1790, 424], [1790, 362], [1789, 361], [1789, 356], [1788, 355], [1788, 350], [1787, 349], [1787, 346], [1786, 345], [1786, 342], [1785, 341], [1785, 340], [1784, 339], [1784, 337], [1782, 335], [1782, 334], [1780, 332], [1780, 331], [1779, 330], [1779, 329], [1778, 328], [1778, 327], [1777, 326], [1777, 325], [1776, 324], [1776, 323], [1775, 322], [1775, 319], [1774, 318], [1774, 314], [1773, 313], [1773, 308], [1772, 307], [1772, 301], [1771, 300], [1771, 293], [1770, 292], [1770, 285], [1769, 284], [1769, 280], [1768, 279], [1768, 276], [1767, 275], [1767, 274], [1766, 273], [1766, 271], [1765, 270], [1765, 269], [1763, 267], [1763, 266], [1762, 265], [1762, 264], [1760, 262], [1760, 261], [1759, 260], [1759, 259], [1758, 258], [1758, 256], [1757, 255], [1757, 252], [1756, 251], [1756, 248], [1755, 247], [1755, 243], [1754, 242], [1754, 237], [1753, 236], [1753, 229], [1752, 228], [1752, 221], [1751, 220], [1751, 200], [1750, 199], [1750, 192], [1749, 191], [1749, 184], [1748, 183], [1748, 178], [1747, 177], [1747, 174], [1746, 173], [1746, 171], [1745, 170], [1745, 168], [1744, 167], [1744, 165], [1743, 164], [1743, 162], [1742, 161], [1742, 160], [1740, 158], [1740, 157], [1738, 155], [1738, 154], [1736, 152], [1736, 151], [1735, 150], [1735, 149], [1734, 148], [1734, 147], [1733, 146], [1733, 145], [1732, 144], [1732, 143], [1731, 142], [1731, 140], [1730, 139], [1730, 138], [1728, 136], [1728, 135], [1722, 129], [1720, 129], [1719, 128], [1716, 128], [1715, 127], [1713, 127], [1712, 126], [1709, 126], [1708, 125], [1706, 125], [1705, 124], [1702, 124], [1700, 122], [1699, 122], [1698, 121], [1697, 121], [1693, 117], [1692, 117], [1690, 115], [1689, 115], [1687, 113], [1686, 113], [1685, 112], [1684, 112], [1683, 111], [1681, 111], [1680, 110], [1679, 110], [1678, 109], [1676, 109], [1675, 108], [1673, 108], [1672, 107], [1670, 107], [1669, 106], [1667, 106], [1666, 105], [1665, 105], [1664, 104], [1662, 104], [1659, 101], [1658, 101], [1650, 93], [1649, 93], [1647, 91], [1646, 91], [1645, 90], [1644, 90], [1643, 89], [1642, 89], [1641, 88], [1640, 88], [1639, 87], [1637, 87], [1636, 86], [1635, 86], [1634, 85], [1633, 85], [1632, 84], [1631, 84], [1630, 83], [1629, 83], [1627, 81], [1626, 81], [1625, 80], [1624, 80], [1615, 71], [1614, 71], [1611, 68], [1610, 68], [1609, 67], [1608, 67], [1606, 65], [1605, 65], [1604, 64], [1603, 64], [1601, 62], [1600, 62], [1596, 58], [1596, 57], [1590, 51], [1589, 51], [1587, 49], [1586, 49], [1584, 47], [1583, 47], [1582, 46], [1581, 46], [1578, 43], [1577, 43], [1574, 40], [1574, 39], [1570, 35], [1570, 34], [1568, 32], [1567, 32], [1564, 29], [1563, 29], [1560, 26], [1559, 26], [1554, 21], [1554, 20], [1547, 13], [1546, 13], [1545, 12], [1544, 12], [1543, 11], [1539, 11], [1538, 10], [1532, 10], [1531, 9], [1525, 9], [1524, 8]]","[[1131, 288], [1385, -94], [1910, 254], [1655, 637]]",0.9998679,pixels
4,MHR.6693.jpg,autozooid,573.275146484375,600.7412719726562,218524.0,2237.6895946264267,0.877916693449894,0.5484149947719404,0.9506109335311765,580.2317504882812,551.5746459960938,70.73070526123047,1264,653,0.17577481760175734,0.0004889987297750305,6.100520837419021e-05,4.7187278652706846e-05,-1.703811898411838e-09,4.6639245065122966e-07,-1.8726409568690043e-09,"[[1258, 391], [1257, 392], [1253, 392], [1252, 393], [1249, 393], [1248, 394], [1245, 394], [1244, 395], [1241, 395], [1240, 396], [1237, 396], [1236, 397], [1234, 397], [1233, 398], [1231, 398], [1230, 399], [1229, 399], [1228, 400], [1226, 400], [1225, 401], [1224, 401], [1223, 402], [1222, 402], [1221, 403], [1217, 403], [1216, 404], [1209, 404], [1208, 405], [1200, 405], [1199, 406], [1175, 406], [1174, 407], [1168, 407], [1167, 408], [1161, 408], [1160, 409], [1156, 409], [1155, 410], [1152, 410], [1151, 411], [1149, 411], [1148, 412], [1145, 412], [1144, 413], [1140, 413], [1139, 414], [1137, 414], [1136, 415], [1135, 415], [1134, 416], [1133, 416], [1132, 417], [1131, 417], [1130, 418], [1129, 418], [1127, 420], [1126, 420], [1122, 424], [1121, 424], [1118, 427], [1117, 427], [1115, 429], [1114, 429], [1112, 431], [1111, 431], [1110, 432], [1109, 432], [1107, 434], [1106, 434], [1105, 435], [1104, 435], [1103, 436], [1102, 436], [1100, 438], [1099, 438], [1098, 439], [1097, 439], [1096, 440], [1095, 440], [1084, 451], [1083, 451], [1081, 453], [1080, 453], [1079, 454], [1078, 454], [1077, 455], [1076, 455], [1075, 456], [1074, 456], [1066, 464], [1066, 465], [1064, 467], [1064, 468], [1055, 477], [1054, 477], [1050, 481], [1050, 482], [1048, 484], [1048, 485], [1047, 486], [1047, 487], [1046, 488], [1046, 489], [1045, 490], [1045, 491], [1043, 493], [1043, 494], [1029, 508], [1029, 509], [1028, 510], [1028, 511], [1026, 513], [1026, 514], [1016, 524], [1015, 524], [1008, 531], [1008, 532], [1006, 534], [1006, 535], [1003, 538], [1003, 539], [998, 544], [997, 544], [990, 551], [990, 552], [989, 553], [989, 555], [988, 556], [988, 559], [987, 560], [987, 564], [986, 565], [986, 570], [985, 571], [985, 648], [986, 649], [986, 660], [987, 661], [987, 663], [988, 664], [988, 666], [989, 667], [989, 668], [990, 669], [990, 670], [992, 672], [992, 673], [997, 678], [997, 679], [999, 681], [999, 682], [1000, 683], [1000, 684], [1001, 685], [1001, 687], [1002, 688], [1002, 690], [1003, 691], [1003, 693], [1004, 694], [1004, 697], [1005, 698], [1005, 701], [1006, 702], [1006, 705], [1007, 706], [1007, 708], [1008, 709], [1008, 711], [1009, 712], [1009, 713], [1010, 714], [1010, 715], [1011, 716], [1011, 717], [1013, 719], [1013, 720], [1016, 723], [1016, 724], [1018, 726], [1018, 727], [1019, 728], [1019, 729], [1020, 730], [1020, 731], [1021, 732], [1021, 734], [1022, 735], [1022, 737], [1023, 738], [1023, 740], [1024, 741], [1024, 744], [1025, 745], [1025, 753], [1026, 754], [1026, 763], [1027, 764], [1027, 770], [1028, 771], [1028, 776], [1029, 777], [1029, 781], [1030, 782], [1030, 785], [1031, 786], [1031, 789], [1032, 790], [1032, 791], [1033, 792], [1033, 793], [1034, 794], [1034, 795], [1035, 796], [1035, 797], [1036, 798], [1036, 799], [1037, 800], [1037, 801], [1038, 802], [1038, 803], [1039, 804], [1039, 805], [1040, 806], [1040, 807], [1041, 808], [1041, 810], [1042, 811], [1042, 812], [1043, 813], [1043, 814], [1044, 815], [1044, 817], [1045, 818], [1045, 820], [1046, 821], [1046, 822], [1047, 823], [1047, 825], [1048, 826], [1048, 827], [1049, 828], [1049, 830], [1050, 831], [1050, 832], [1055, 837], [1056, 837], [1057, 838], [1060, 838], [1061, 839], [1064, 839], [1065, 840], [1069, 840], [1070, 841], [1074, 841], [1075, 842], [1081, 842], [1082, 843], [1087, 843], [1088, 844], [1094, 844], [1095, 845], [1098, 845], [1099, 846], [1100, 846], [1101, 847], [1102, 847], [1104, 849], [1105, 849], [1107, 851], [1108, 851], [1112, 855], [1113, 855], [1114, 856], [1115, 856], [1117, 858], [1119, 858], [1120, 859], [1121, 859], [1122, 860], [1123, 860], [1124, 861], [1126, 861], [1127, 862], [1129, 862], [1130, 863], [1131, 863], [1132, 864], [1134, 864], [1135, 865], [1137, 865], [1138, 866], [1139, 866], [1141, 868], [1142, 868], [1146, 872], [1146, 873], [1149, 876], [1149, 877], [1153, 881], [1154, 881], [1157, 884], [1158, 884], [1159, 885], [1160, 885], [1161, 886], [1162, 886], [1171, 895], [1171, 896], [1177, 902], [1178, 902], [1179, 903], [1180, 903], [1181, 904], [1182, 904], [1183, 905], [1184, 905], [1185, 906], [1186, 906], [1187, 907], [1188, 907], [1189, 908], [1190, 908], [1191, 909], [1192, 909], [1194, 911], [1195, 911], [1197, 913], [1198, 913], [1200, 915], [1201, 915], [1205, 919], [1206, 919], [1208, 921], [1209, 921], [1210, 922], [1211, 922], [1212, 923], [1213, 923], [1214, 924], [1216, 924], [1217, 925], [1218, 925], [1219, 926], [1222, 926], [1223, 927], [1226, 927], [1227, 928], [1230, 928], [1231, 929], [1234, 929], [1235, 930], [1237, 930], [1238, 931], [1240, 931], [1241, 932], [1244, 932], [1245, 933], [1247, 933], [1248, 934], [1250, 934], [1251, 935], [1253, 935], [1254, 936], [1255, 936], [1256, 937], [1257, 937], [1258, 938], [1259, 938], [1260, 939], [1261, 939], [1262, 940], [1264, 940], [1265, 941], [1267, 941], [1268, 942], [1269, 942], [1270, 943], [1272, 943], [1273, 944], [1276, 944], [1277, 945], [1279, 945], [1280, 946], [1282, 946], [1283, 947], [1285, 947], [1286, 948], [1287, 948], [1288, 949], [1289, 949], [1290, 950], [1291, 950], [1292, 951], [1293, 951], [1294, 952], [1295, 952], [1297, 954], [1298, 954], [1300, 956], [1301, 956], [1302, 957], [1305, 957], [1306, 958], [1309, 958], [1310, 959], [1313, 959], [1314, 960], [1317, 960], [1318, 961], [1326, 961], [1327, 960], [1332, 960], [1333, 959], [1335, 959], [1336, 958], [1339, 958], [1340, 957], [1342, 957], [1355, 944], [1355, 943], [1359, 939], [1359, 932], [1358, 931], [1358, 917], [1357, 916], [1357, 915], [1356, 914], [1356, 912], [1355, 911], [1355, 910], [1354, 909], [1354, 907], [1353, 906], [1353, 905], [1352, 904], [1352, 902], [1351, 901], [1351, 900], [1350, 899], [1350, 897], [1349, 896], [1349, 895], [1345, 891], [1344, 891], [1342, 889], [1341, 889], [1339, 887], [1338, 887], [1336, 885], [1335, 885], [1332, 882], [1331, 882], [1323, 874], [1323, 873], [1321, 871], [1321, 869], [1320, 868], [1320, 867], [1319, 866], [1319, 865], [1318, 864], [1318, 862], [1317, 861], [1317, 859], [1316, 858], [1316, 855], [1315, 854], [1315, 849], [1314, 848], [1314, 841], [1313, 840], [1313, 832], [1312, 831], [1313, 830], [1313, 825], [1314, 824], [1314, 818], [1315, 817], [1315, 812], [1316, 811], [1316, 808], [1317, 807], [1317, 805], [1318, 804], [1318, 802], [1319, 801], [1319, 799], [1320, 798], [1320, 796], [1321, 795], [1321, 794], [1322, 793], [1322, 792], [1324, 790], [1324, 789], [1326, 787], [1326, 786], [1329, 783], [1329, 782], [1331, 780], [1331, 779], [1333, 777], [1333, 776], [1334, 775], [1334, 774], [1335, 773], [1335, 772], [1336, 771], [1336, 770], [1337, 769], [1337, 768], [1338, 767], [1338, 766], [1340, 764], [1340, 763], [1344, 759], [1345, 759], [1350, 754], [1350, 753], [1353, 750], [1353, 749], [1356, 746], [1356, 745], [1359, 742], [1360, 742], [1363, 739], [1366, 739], [1367, 738], [1370, 738], [1371, 737], [1374, 737], [1375, 736], [1378, 736], [1379, 735], [1382, 735], [1383, 734], [1385, 734], [1386, 735], [1391, 735], [1392, 736], [1398, 736], [1399, 737], [1406, 737], [1407, 738], [1421, 738], [1422, 739], [1425, 739], [1426, 740], [1427, 740], [1430, 743], [1431, 743], [1434, 746], [1434, 747], [1442, 755], [1443, 755], [1445, 757], [1446, 757], [1451, 762], [1451, 763], [1454, 766], [1454, 767], [1455, 768], [1455, 770], [1456, 771], [1456, 772], [1457, 773], [1457, 774], [1458, 775], [1458, 776], [1459, 777], [1459, 778], [1461, 780], [1461, 781], [1467, 787], [1467, 788], [1468, 789], [1468, 792], [1469, 793], [1469, 797], [1470, 798], [1470, 802], [1471, 803], [1471, 807], [1472, 808], [1472, 813], [1473, 814], [1473, 820], [1474, 821], [1474, 827], [1475, 828], [1475, 837], [1474, 838], [1474, 844], [1473, 845], [1473, 849], [1472, 850], [1472, 853], [1473, 854], [1474, 854], [1476, 856], [1477, 856], [1478, 857], [1479, 857], [1480, 858], [1481, 858], [1482, 859], [1483, 859], [1484, 860], [1485, 860], [1486, 861], [1487, 861], [1488, 862], [1490, 862], [1491, 863], [1493, 863], [1494, 864], [1495, 864], [1496, 865], [1498, 865], [1499, 866], [1501, 866], [1502, 867], [1504, 867], [1505, 868], [1508, 868], [1509, 869], [1513, 869], [1514, 870], [1519, 870], [1520, 871], [1523, 871], [1524, 872], [1529, 872], [1530, 871], [1534, 871], [1535, 870], [1537, 870], [1538, 869], [1541, 869], [1542, 868], [1544, 868], [1545, 867], [1547, 867], [1547, 866], [1548, 865], [1548, 864], [1549, 863], [1549, 862], [1550, 861], [1550, 860], [1551, 859], [1551, 857], [1552, 856], [1552, 854], [1553, 853], [1553, 846], [1554, 845], [1554, 833], [1555, 832], [1555, 830], [1554, 829], [1554, 814], [1553, 813], [1553, 788], [1552, 787], [1552, 781], [1551, 780], [1551, 775], [1550, 774], [1550, 769], [1549, 768], [1549, 764], [1550, 763], [1550, 756], [1551, 755], [1551, 747], [1552, 746], [1552, 735], [1553, 734], [1553, 722], [1554, 721], [1554, 711], [1555, 710], [1555, 685], [1556, 684], [1556, 653], [1555, 652], [1555, 636], [1554, 635], [1554, 627], [1553, 626], [1553, 620], [1552, 619], [1552, 615], [1551, 614], [1551, 612], [1550, 611], [1550, 610], [1549, 609], [1549, 607], [1548, 606], [1548, 605], [1546, 603], [1546, 602], [1545, 601], [1545, 600], [1544, 599], [1544, 597], [1543, 596], [1543, 593], [1542, 592], [1542, 587], [1541, 586], [1541, 580], [1540, 579], [1540, 574], [1539, 573], [1539, 571], [1538, 570], [1538, 568], [1537, 567], [1537, 565], [1536, 564], [1536, 563], [1535, 562], [1535, 560], [1534, 559], [1534, 558], [1533, 557], [1533, 556], [1532, 555], [1532, 554], [1531, 553], [1531, 552], [1530, 551], [1530, 550], [1528, 548], [1528, 547], [1525, 544], [1525, 543], [1520, 538], [1520, 537], [1516, 533], [1516, 532], [1515, 531], [1514, 531], [1511, 528], [1510, 528], [1509, 527], [1508, 527], [1506, 525], [1505, 525], [1503, 523], [1502, 523], [1499, 520], [1498, 520], [1493, 515], [1492, 515], [1483, 506], [1482, 506], [1480, 504], [1479, 504], [1477, 502], [1476, 502], [1475, 501], [1474, 501], [1473, 500], [1472, 500], [1471, 499], [1469, 499], [1468, 498], [1467, 498], [1466, 497], [1465, 497], [1464, 496], [1463, 496], [1461, 494], [1460, 494], [1454, 488], [1454, 487], [1449, 482], [1448, 482], [1446, 480], [1444, 480], [1443, 479], [1440, 479], [1439, 478], [1436, 478], [1435, 477], [1433, 477], [1432, 476], [1429, 476], [1428, 475], [1425, 475], [1424, 474], [1423, 474], [1421, 472], [1420, 472], [1410, 462], [1409, 462], [1407, 460], [1406, 460], [1405, 459], [1404, 459], [1403, 458], [1402, 458], [1401, 457], [1400, 457], [1399, 456], [1398, 456], [1397, 455], [1395, 455], [1393, 453], [1392, 453], [1391, 452], [1390, 452], [1389, 451], [1388, 451], [1386, 449], [1385, 449], [1382, 446], [1381, 446], [1376, 441], [1375, 441], [1373, 439], [1372, 439], [1371, 438], [1370, 438], [1369, 437], [1368, 437], [1367, 436], [1365, 436], [1364, 435], [1362, 435], [1361, 434], [1360, 434], [1359, 433], [1358, 433], [1357, 432], [1356, 432], [1354, 430], [1353, 430], [1344, 421], [1343, 421], [1341, 419], [1339, 419], [1338, 418], [1337, 418], [1336, 417], [1334, 417], [1333, 416], [1331, 416], [1330, 415], [1328, 415], [1327, 414], [1324, 414], [1323, 413], [1321, 413], [1320, 412], [1318, 412], [1317, 411], [1315, 411], [1314, 410], [1313, 410], [1312, 409], [1310, 409], [1309, 408], [1308, 408], [1306, 406], [1305, 406], [1303, 404], [1302, 404], [1300, 402], [1299, 402], [1297, 400], [1296, 400], [1295, 399], [1294, 399], [1293, 398], [1292, 398], [1291, 397], [1290, 397], [1289, 396], [1288, 396], [1287, 395], [1285, 395], [1284, 394], [1282, 394], [1281, 393], [1275, 393], [1274, 392], [1266, 392], [1265, 391]]","[[925, 487], [1446, 305], [1637, 853], [1117, 1035]]",0.9998671,pixels
5,MHR.6693.jpg,autozooid,578.001953125,704.8580932617188,235763.0,2408.140384554863,0.8534700740839957,0.5108835410207697,0.757988722230204,673.7708740234375,510.7107238769531,61.620758056640625,1606,1151,0.18242707158258048,0.0017521545004699204,0.0002099465561527453,5.694898124701855e-05,-7.921759255894233e-10,2.033520132257232e-06,6.176469955976874e-09,"[[1578, 861], [1577, 862], [1573, 862], [1572, 863], [1567, 863], [1566, 864], [1561, 864], [1560, 865], [1558, 865], [1557, 866], [1555, 866], [1554, 867], [1551, 867], [1550, 868], [1548, 868], [1547, 869], [1544, 869], [1543, 870], [1541, 870], [1540, 871], [1538, 871], [1537, 872], [1534, 872], [1533, 873], [1532, 873], [1531, 874], [1529, 874], [1528, 875], [1526, 875], [1525, 876], [1524, 876], [1523, 877], [1522, 877], [1521, 878], [1516, 878], [1515, 877], [1512, 877], [1511, 876], [1507, 876], [1506, 875], [1501, 875], [1500, 874], [1491, 874], [1490, 873], [1467, 873], [1466, 874], [1457, 874], [1456, 875], [1452, 875], [1451, 876], [1448, 876], [1447, 877], [1444, 877], [1443, 878], [1441, 878], [1440, 879], [1438, 879], [1437, 880], [1436, 880], [1427, 889], [1426, 889], [1424, 891], [1423, 891], [1422, 892], [1421, 892], [1420, 893], [1419, 893], [1418, 894], [1417, 894], [1416, 895], [1415, 895], [1414, 896], [1413, 896], [1412, 897], [1411, 897], [1409, 899], [1408, 899], [1398, 909], [1398, 910], [1396, 912], [1395, 912], [1393, 914], [1392, 914], [1390, 916], [1389, 916], [1388, 917], [1387, 917], [1385, 919], [1384, 919], [1383, 920], [1382, 920], [1381, 921], [1380, 921], [1379, 922], [1378, 922], [1377, 923], [1376, 923], [1375, 924], [1373, 924], [1372, 925], [1369, 925], [1368, 926], [1365, 926], [1364, 927], [1362, 927], [1361, 928], [1359, 928], [1358, 929], [1356, 929], [1355, 930], [1354, 930], [1353, 931], [1352, 931], [1351, 932], [1350, 932], [1349, 933], [1348, 933], [1346, 935], [1345, 935], [1343, 937], [1342, 937], [1340, 939], [1339, 939], [1337, 941], [1336, 941], [1335, 942], [1334, 942], [1334, 943], [1332, 945], [1332, 946], [1331, 947], [1331, 948], [1330, 949], [1330, 951], [1329, 952], [1329, 954], [1328, 955], [1328, 957], [1327, 958], [1327, 968], [1326, 969], [1326, 982], [1325, 983], [1326, 984], [1326, 991], [1327, 992], [1327, 998], [1328, 999], [1328, 1003], [1329, 1004], [1329, 1008], [1330, 1009], [1330, 1011], [1331, 1012], [1331, 1013], [1332, 1014], [1332, 1015], [1334, 1017], [1334, 1018], [1336, 1020], [1336, 1021], [1337, 1022], [1337, 1023], [1338, 1024], [1338, 1025], [1339, 1026], [1339, 1028], [1340, 1029], [1340, 1031], [1341, 1032], [1341, 1035], [1342, 1036], [1342, 1041], [1343, 1042], [1343, 1048], [1344, 1049], [1344, 1055], [1345, 1056], [1345, 1061], [1346, 1062], [1346, 1064], [1347, 1065], [1347, 1068], [1348, 1069], [1348, 1071], [1349, 1072], [1349, 1074], [1350, 1075], [1350, 1076], [1351, 1077], [1351, 1078], [1352, 1079], [1352, 1081], [1354, 1083], [1354, 1084], [1356, 1086], [1356, 1087], [1357, 1088], [1357, 1089], [1359, 1091], [1359, 1092], [1360, 1093], [1360, 1094], [1361, 1095], [1361, 1096], [1362, 1097], [1362, 1099], [1363, 1100], [1363, 1102], [1364, 1103], [1364, 1104], [1365, 1105], [1365, 1108], [1366, 1109], [1366, 1111], [1367, 1112], [1367, 1114], [1368, 1115], [1368, 1117], [1369, 1118], [1369, 1119], [1370, 1120], [1370, 1121], [1371, 1122], [1371, 1123], [1372, 1124], [1372, 1125], [1373, 1126], [1373, 1127], [1375, 1129], [1375, 1130], [1377, 1132], [1377, 1133], [1378, 1134], [1378, 1135], [1379, 1136], [1379, 1138], [1380, 1139], [1380, 1141], [1381, 1142], [1381, 1143], [1382, 1144], [1382, 1147], [1383, 1148], [1383, 1150], [1384, 1151], [1384, 1153], [1385, 1154], [1385, 1157], [1386, 1158], [1386, 1163], [1387, 1164], [1387, 1170], [1388, 1171], [1388, 1177], [1389, 1178], [1389, 1184], [1390, 1185], [1389, 1186], [1389, 1203], [1388, 1204], [1388, 1214], [1387, 1215], [1387, 1220], [1386, 1221], [1386, 1225], [1385, 1226], [1385, 1230], [1384, 1231], [1384, 1236], [1383, 1237], [1383, 1245], [1382, 1246], [1382, 1253], [1381, 1254], [1381, 1261], [1382, 1262], [1382, 1264], [1383, 1265], [1383, 1266], [1384, 1267], [1384, 1268], [1385, 1269], [1385, 1270], [1386, 1271], [1386, 1272], [1387, 1273], [1387, 1274], [1388, 1275], [1388, 1277], [1389, 1278], [1389, 1279], [1390, 1280], [1390, 1281], [1391, 1282], [1391, 1283], [1392, 1284], [1392, 1285], [1394, 1287], [1394, 1288], [1395, 1289], [1396, 1289], [1402, 1295], [1403, 1295], [1417, 1309], [1417, 1310], [1422, 1315], [1422, 1316], [1426, 1320], [1427, 1320], [1432, 1325], [1433, 1325], [1436, 1328], [1437, 1328], [1440, 1331], [1440, 1332], [1443, 1335], [1443, 1336], [1445, 1338], [1445, 1339], [1450, 1344], [1451, 1344], [1453, 1346], [1454, 1346], [1456, 1348], [1457, 1348], [1458, 1349], [1459, 1349], [1466, 1356], [1466, 1357], [1468, 1359], [1468, 1360], [1469, 1361], [1469, 1362], [1470, 1363], [1470, 1364], [1472, 1366], [1472, 1367], [1476, 1371], [1477, 1371], [1479, 1373], [1480, 1373], [1482, 1375], [1483, 1375], [1488, 1380], [1488, 1381], [1490, 1383], [1490, 1384], [1492, 1386], [1492, 1387], [1493, 1388], [1493, 1389], [1499, 1395], [1500, 1395], [1502, 1397], [1503, 1397], [1505, 1399], [1506, 1399], [1515, 1408], [1515, 1409], [1519, 1413], [1519, 1414], [1521, 1416], [1522, 1416], [1526, 1420], [1526, 1421], [1533, 1428], [1533, 1429], [1536, 1432], [1536, 1433], [1539, 1436], [1539, 1437], [1547, 1445], [1547, 1446], [1551, 1450], [1551, 1451], [1553, 1453], [1553, 1454], [1556, 1457], [1556, 1458], [1557, 1459], [1557, 1460], [1559, 1462], [1559, 1463], [1562, 1466], [1562, 1467], [1564, 1469], [1564, 1470], [1566, 1472], [1566, 1473], [1567, 1474], [1567, 1475], [1569, 1477], [1569, 1478], [1570, 1479], [1570, 1481], [1571, 1482], [1571, 1483], [1572, 1484], [1572, 1486], [1573, 1487], [1573, 1488], [1574, 1489], [1574, 1491], [1575, 1492], [1575, 1493], [1576, 1494], [1576, 1495], [1577, 1496], [1577, 1497], [1578, 1498], [1578, 1499], [1579, 1500], [1579, 1501], [1581, 1503], [1581, 1504], [1585, 1508], [1585, 1509], [1587, 1511], [1587, 1512], [1588, 1513], [1588, 1514], [1589, 1515], [1589, 1516], [1591, 1518], [1591, 1519], [1592, 1520], [1592, 1521], [1593, 1522], [1593, 1523], [1594, 1524], [1594, 1526], [1595, 1527], [1595, 1528], [1596, 1529], [1596, 1530], [1597, 1531], [1597, 1532], [1598, 1533], [1598, 1535], [1599, 1536], [1599, 1537], [1602, 1540], [1604, 1540], [1605, 1541], [1608, 1541], [1609, 1542], [1612, 1542], [1613, 1543], [1617, 1543], [1618, 1544], [1624, 1544], [1625, 1543], [1626, 1543], [1627, 1542], [1628, 1542], [1629, 1541], [1630, 1541], [1633, 1538], [1634, 1538], [1635, 1537], [1635, 1536], [1637, 1534], [1637, 1533], [1640, 1530], [1640, 1529], [1644, 1525], [1644, 1524], [1645, 1523], [1645, 1522], [1646, 1521], [1646, 1520], [1647, 1519], [1647, 1518], [1648, 1517], [1648, 1515], [1649, 1514], [1649, 1512], [1650, 1511], [1650, 1510], [1651, 1509], [1651, 1508], [1652, 1507], [1652, 1505], [1653, 1504], [1653, 1503], [1655, 1501], [1655, 1500], [1656, 1499], [1656, 1498], [1659, 1495], [1659, 1494], [1665, 1488], [1665, 1487], [1666, 1486], [1666, 1485], [1667, 1484], [1667, 1483], [1668, 1482], [1668, 1481], [1669, 1480], [1669, 1479], [1670, 1478], [1670, 1476], [1671, 1475], [1671, 1474], [1672, 1473], [1672, 1472], [1673, 1471], [1673, 1470], [1674, 1469], [1674, 1468], [1675, 1467], [1675, 1466], [1676, 1465], [1676, 1464], [1677, 1463], [1677, 1449], [1676, 1448], [1676, 1440], [1675, 1439], [1675, 1431], [1676, 1430], [1676, 1423], [1677, 1422], [1677, 1417], [1678, 1416], [1678, 1413], [1679, 1412], [1679, 1411], [1678, 1410], [1677, 1410], [1675, 1408], [1674, 1408], [1672, 1406], [1671, 1406], [1669, 1404], [1668, 1404], [1667, 1403], [1666, 1403], [1664, 1401], [1663, 1401], [1648, 1386], [1648, 1385], [1647, 1384], [1647, 1382], [1646, 1381], [1646, 1380], [1645, 1379], [1645, 1377], [1644, 1376], [1644, 1375], [1643, 1374], [1643, 1372], [1642, 1371], [1642, 1369], [1641, 1368], [1641, 1365], [1640, 1364], [1640, 1356], [1641, 1355], [1641, 1350], [1642, 1349], [1642, 1345], [1643, 1344], [1643, 1341], [1644, 1340], [1644, 1337], [1645, 1336], [1645, 1335], [1646, 1334], [1646, 1333], [1647, 1332], [1647, 1331], [1648, 1330], [1648, 1329], [1649, 1328], [1649, 1327], [1650, 1326], [1650, 1324], [1651, 1323], [1651, 1321], [1652, 1320], [1652, 1319], [1653, 1318], [1653, 1315], [1654, 1314], [1654, 1312], [1655, 1311], [1655, 1310], [1656, 1309], [1656, 1308], [1665, 1299], [1666, 1299], [1668, 1297], [1669, 1297], [1671, 1295], [1672, 1295], [1677, 1290], [1678, 1290], [1679, 1289], [1679, 1288], [1684, 1283], [1687, 1283], [1688, 1282], [1691, 1282], [1692, 1281], [1697, 1281], [1698, 1280], [1702, 1280], [1703, 1279], [1708, 1279], [1709, 1278], [1716, 1278], [1717, 1277], [1723, 1277], [1724, 1276], [1727, 1276], [1728, 1277], [1733, 1277], [1734, 1278], [1739, 1278], [1740, 1279], [1745, 1279], [1746, 1280], [1751, 1280], [1752, 1281], [1758, 1281], [1759, 1282], [1764, 1282], [1765, 1283], [1768, 1283], [1769, 1284], [1770, 1284], [1775, 1289], [1776, 1289], [1782, 1295], [1783, 1295], [1787, 1299], [1788, 1299], [1800, 1311], [1800, 1312], [1801, 1313], [1801, 1315], [1802, 1316], [1802, 1318], [1803, 1319], [1803, 1320], [1804, 1321], [1804, 1323], [1805, 1324], [1805, 1325], [1806, 1326], [1806, 1328], [1807, 1329], [1807, 1330], [1808, 1331], [1808, 1332], [1809, 1333], [1809, 1335], [1810, 1336], [1810, 1346], [1809, 1347], [1809, 1365], [1810, 1366], [1810, 1386], [1815, 1391], [1816, 1391], [1818, 1393], [1819, 1393], [1820, 1394], [1821, 1394], [1822, 1395], [1823, 1395], [1824, 1396], [1826, 1396], [1827, 1397], [1829, 1397], [1830, 1398], [1831, 1398], [1832, 1399], [1834, 1399], [1835, 1400], [1836, 1400], [1837, 1401], [1838, 1401], [1839, 1402], [1840, 1402], [1841, 1403], [1842, 1403], [1843, 1404], [1844, 1404], [1846, 1406], [1847, 1406], [1849, 1408], [1854, 1408], [1855, 1407], [1870, 1407], [1871, 1406], [1874, 1406], [1875, 1405], [1877, 1405], [1878, 1404], [1880, 1404], [1881, 1403], [1883, 1403], [1884, 1402], [1886, 1402], [1887, 1401], [1889, 1401], [1890, 1400], [1891, 1400], [1892, 1399], [1892, 1398], [1894, 1396], [1894, 1395], [1895, 1394], [1895, 1393], [1896, 1392], [1896, 1390], [1897, 1389], [1897, 1388], [1898, 1387], [1898, 1379], [1899, 1378], [1899, 1365], [1900, 1364], [1900, 1353], [1899, 1352], [1899, 1331], [1898, 1330], [1898, 1321], [1897, 1320], [1897, 1313], [1896, 1312], [1896, 1308], [1895, 1307], [1895, 1304], [1894, 1303], [1894, 1300], [1893, 1299], [1893, 1297], [1892, 1296], [1892, 1294], [1891, 1293], [1891, 1291], [1890, 1290], [1890, 1289], [1889, 1288], [1889, 1286], [1888, 1285], [1888, 1284], [1887, 1283], [1887, 1281], [1886, 1280], [1886, 1277], [1885, 1276], [1885, 1274], [1884, 1273], [1884, 1270], [1883, 1269], [1883, 1265], [1882, 1264], [1882, 1259], [1881, 1258], [1881, 1243], [1880, 1242], [1880, 1229], [1879, 1228], [1879, 1219], [1878, 1218], [1878, 1208], [1877, 1207], [1877, 1196], [1876, 1195], [1876, 1186], [1875, 1185], [1875, 1177], [1874, 1176], [1874, 1168], [1873, 1167], [1873, 1161], [1872, 1160], [1872, 1152], [1871, 1151], [1871, 1144], [1870, 1143], [1870, 1136], [1869, 1135], [1869, 1130], [1868, 1129], [1868, 1125], [1867, 1124], [1867, 1119], [1866, 1118], [1866, 1112], [1865, 1111], [1865, 1106], [1864, 1105], [1864, 1101], [1863, 1100], [1863, 1096], [1862, 1095], [1862, 1090], [1861, 1089], [1861, 1084], [1860, 1083], [1860, 1080], [1859, 1079], [1859, 1077], [1858, 1076], [1858, 1075], [1857, 1074], [1857, 1072], [1856, 1071], [1856, 1070], [1855, 1069], [1855, 1068], [1854, 1067], [1854, 1066], [1853, 1065], [1853, 1064], [1852, 1063], [1852, 1062], [1850, 1060], [1850, 1059], [1847, 1056], [1847, 1055], [1845, 1053], [1845, 1052], [1844, 1051], [1844, 1050], [1842, 1048], [1842, 1047], [1841, 1046], [1841, 1045], [1840, 1044], [1840, 1043], [1839, 1042], [1839, 1041], [1838, 1040], [1838, 1039], [1837, 1038], [1837, 1036], [1836, 1035], [1836, 1034], [1835, 1033], [1835, 1032], [1833, 1030], [1833, 1029], [1822, 1018], [1822, 1017], [1820, 1015], [1820, 1014], [1819, 1013], [1819, 1012], [1818, 1011], [1818, 1010], [1817, 1009], [1817, 1008], [1816, 1007], [1816, 1006], [1815, 1005], [1815, 1004], [1808, 997], [1807, 997], [1804, 994], [1803, 994], [1797, 988], [1797, 987], [1795, 985], [1795, 984], [1793, 982], [1793, 981], [1787, 975], [1786, 975], [1785, 974], [1784, 974], [1783, 973], [1782, 973], [1781, 972], [1780, 972], [1779, 971], [1778, 971], [1776, 969], [1775, 969], [1774, 968], [1773, 968], [1772, 967], [1771, 967], [1769, 965], [1768, 965], [1766, 963], [1765, 963], [1762, 960], [1762, 959], [1754, 951], [1753, 951], [1751, 949], [1750, 949], [1749, 948], [1748, 948], [1747, 947], [1746, 947], [1745, 946], [1744, 946], [1743, 945], [1742, 945], [1741, 944], [1740, 944], [1739, 943], [1738, 943], [1736, 941], [1735, 941], [1733, 939], [1732, 939], [1720, 927], [1719, 927], [1717, 925], [1716, 925], [1714, 923], [1713, 923], [1712, 922], [1711, 922], [1710, 921], [1709, 921], [1708, 920], [1707, 920], [1706, 919], [1705, 919], [1704, 918], [1703, 918], [1701, 916], [1700, 916], [1693, 909], [1693, 908], [1686, 901], [1685, 901], [1684, 900], [1683, 900], [1682, 899], [1679, 899], [1678, 898], [1675, 898], [1674, 897], [1671, 897], [1670, 896], [1667, 896], [1666, 895], [1663, 895], [1662, 894], [1659, 894], [1658, 893], [1656, 893], [1655, 892], [1653, 892], [1652, 891], [1650, 891], [1649, 890], [1647, 890], [1646, 889], [1645, 889], [1644, 888], [1643, 888], [1641, 886], [1640, 886], [1633, 879], [1632, 879], [1630, 877], [1629, 877], [1628, 876], [1627, 876], [1626, 875], [1625, 875], [1624, 874], [1623, 874], [1622, 873], [1619, 873], [1618, 872], [1615, 872], [1614, 871], [1611, 871], [1610, 870], [1607, 870], [1606, 869], [1603, 869], [1602, 868], [1599, 868], [1598, 867], [1596, 867], [1595, 866], [1593, 866], [1592, 865], [1590, 865], [1589, 864], [1587, 864], [1586, 863], [1585, 863], [1584, 862], [1583, 862], [1582, 861]]","[[1232, 989], [1681, 747], [2002, 1339], [1552, 1582]]",0.999821,pixels
6,MHR.6693.jpg,autozooid,592.1647338867188,632.4630737304688,204162.5,2234.2997628450394,0.8345715903307628,0.5139288053285334,0.7886786328009286,623.4840087890625,491.728515625,25.34617805480957,1039,1087,0.17801407149255166,6.67163526939481e-06,0.0002420499167954485,7.671338225857022e-05,-9.42817231756001e-09,6.948178026385597e-08,-4.5148578752973516e-09,"[[970, 831], [969, 832], [967, 832], [966, 833], [964, 833], [963, 834], [961, 834], [960, 835], [959, 835], [958, 836], [957, 836], [956, 837], [954, 837], [953, 838], [951, 838], [950, 839], [948, 839], [947, 840], [944, 840], [943, 841], [940, 841], [939, 842], [936, 842], [935, 843], [931, 843], [930, 844], [927, 844], [926, 845], [923, 845], [922, 846], [920, 846], [919, 847], [917, 847], [916, 848], [914, 848], [913, 849], [911, 849], [910, 850], [908, 850], [907, 851], [906, 851], [904, 853], [903, 853], [892, 864], [891, 864], [889, 866], [888, 866], [887, 867], [886, 867], [885, 868], [884, 868], [883, 869], [882, 869], [879, 872], [878, 872], [874, 876], [874, 877], [872, 879], [872, 880], [868, 884], [868, 885], [866, 887], [865, 887], [857, 895], [857, 896], [855, 898], [855, 899], [854, 900], [854, 901], [853, 902], [853, 904], [852, 905], [852, 906], [851, 907], [851, 908], [850, 909], [850, 910], [849, 911], [849, 912], [848, 913], [848, 914], [847, 915], [847, 916], [845, 918], [845, 919], [841, 923], [841, 924], [833, 932], [832, 932], [829, 935], [828, 935], [827, 936], [826, 936], [824, 938], [823, 938], [822, 939], [821, 939], [820, 940], [819, 940], [815, 944], [814, 944], [813, 945], [813, 946], [806, 953], [805, 953], [803, 955], [802, 955], [796, 961], [796, 962], [794, 964], [794, 965], [793, 966], [793, 967], [792, 968], [792, 975], [791, 976], [791, 1109], [792, 1110], [792, 1133], [793, 1134], [793, 1142], [794, 1143], [794, 1150], [795, 1151], [795, 1153], [796, 1154], [796, 1155], [797, 1156], [797, 1158], [798, 1159], [798, 1160], [799, 1161], [799, 1162], [801, 1164], [801, 1165], [803, 1167], [803, 1168], [804, 1169], [804, 1170], [805, 1171], [805, 1172], [806, 1173], [806, 1175], [807, 1176], [807, 1179], [808, 1180], [808, 1185], [809, 1186], [809, 1190], [810, 1191], [810, 1197], [811, 1198], [811, 1204], [812, 1205], [812, 1211], [813, 1212], [813, 1218], [814, 1219], [814, 1222], [815, 1223], [815, 1226], [816, 1227], [816, 1229], [817, 1230], [817, 1231], [818, 1232], [818, 1234], [819, 1235], [819, 1236], [820, 1237], [820, 1238], [821, 1239], [821, 1240], [822, 1241], [822, 1242], [824, 1244], [824, 1245], [825, 1246], [825, 1247], [826, 1248], [826, 1249], [827, 1250], [827, 1251], [828, 1252], [828, 1254], [829, 1255], [829, 1256], [830, 1257], [830, 1258], [831, 1259], [831, 1260], [832, 1261], [832, 1263], [838, 1269], [839, 1269], [841, 1271], [842, 1271], [843, 1272], [845, 1272], [846, 1273], [848, 1273], [849, 1274], [851, 1274], [852, 1275], [853, 1275], [854, 1276], [856, 1276], [857, 1277], [858, 1277], [859, 1278], [861, 1278], [862, 1279], [863, 1279], [864, 1280], [866, 1280], [867, 1281], [868, 1281], [869, 1282], [870, 1282], [872, 1284], [873, 1284], [875, 1286], [876, 1286], [878, 1288], [879, 1288], [880, 1289], [881, 1289], [882, 1290], [883, 1290], [884, 1291], [886, 1291], [887, 1292], [889, 1292], [890, 1293], [893, 1293], [894, 1294], [897, 1294], [898, 1295], [902, 1295], [903, 1296], [908, 1296], [909, 1297], [916, 1297], [917, 1298], [923, 1298], [924, 1299], [929, 1299], [930, 1300], [931, 1300], [932, 1301], [934, 1301], [935, 1302], [936, 1302], [937, 1303], [938, 1303], [940, 1305], [941, 1305], [943, 1307], [944, 1307], [948, 1311], [949, 1311], [950, 1312], [951, 1312], [952, 1313], [953, 1313], [954, 1314], [955, 1314], [956, 1315], [957, 1315], [958, 1316], [960, 1316], [961, 1317], [963, 1317], [964, 1318], [966, 1318], [967, 1319], [969, 1319], [970, 1320], [973, 1320], [974, 1321], [975, 1321], [976, 1322], [978, 1322], [979, 1323], [980, 1323], [981, 1324], [982, 1324], [983, 1325], [984, 1325], [985, 1326], [986, 1326], [988, 1328], [989, 1328], [994, 1333], [995, 1333], [997, 1335], [998, 1335], [1000, 1337], [1001, 1337], [1002, 1338], [1003, 1338], [1004, 1339], [1005, 1339], [1006, 1340], [1008, 1340], [1009, 1341], [1011, 1341], [1012, 1342], [1014, 1342], [1015, 1343], [1017, 1343], [1018, 1344], [1020, 1344], [1021, 1345], [1023, 1345], [1024, 1346], [1025, 1346], [1026, 1347], [1027, 1347], [1028, 1348], [1029, 1348], [1030, 1349], [1031, 1349], [1032, 1350], [1033, 1350], [1038, 1355], [1039, 1355], [1042, 1358], [1043, 1358], [1044, 1359], [1045, 1359], [1047, 1361], [1049, 1361], [1050, 1362], [1051, 1362], [1052, 1363], [1054, 1363], [1055, 1364], [1057, 1364], [1058, 1365], [1059, 1365], [1060, 1366], [1062, 1366], [1063, 1367], [1064, 1367], [1065, 1368], [1066, 1368], [1067, 1369], [1068, 1369], [1070, 1371], [1071, 1371], [1073, 1373], [1074, 1373], [1078, 1377], [1079, 1377], [1082, 1380], [1083, 1380], [1084, 1381], [1085, 1381], [1086, 1382], [1087, 1382], [1088, 1383], [1089, 1383], [1090, 1384], [1091, 1384], [1092, 1385], [1094, 1385], [1095, 1386], [1097, 1386], [1098, 1387], [1099, 1387], [1100, 1388], [1102, 1388], [1104, 1390], [1105, 1390], [1106, 1391], [1107, 1391], [1111, 1395], [1112, 1395], [1114, 1397], [1114, 1398], [1118, 1402], [1119, 1402], [1120, 1403], [1121, 1403], [1122, 1404], [1123, 1404], [1124, 1405], [1125, 1405], [1126, 1406], [1127, 1406], [1128, 1407], [1130, 1407], [1131, 1408], [1132, 1408], [1133, 1409], [1134, 1409], [1135, 1410], [1136, 1410], [1137, 1411], [1142, 1411], [1143, 1410], [1145, 1410], [1146, 1409], [1148, 1409], [1149, 1408], [1150, 1408], [1151, 1407], [1153, 1407], [1154, 1406], [1155, 1406], [1157, 1404], [1158, 1404], [1160, 1402], [1161, 1402], [1161, 1401], [1163, 1399], [1163, 1398], [1166, 1395], [1166, 1394], [1168, 1392], [1168, 1391], [1171, 1388], [1171, 1387], [1175, 1383], [1175, 1382], [1180, 1377], [1180, 1376], [1181, 1375], [1181, 1374], [1182, 1373], [1182, 1372], [1183, 1371], [1183, 1370], [1184, 1369], [1184, 1368], [1186, 1366], [1186, 1365], [1188, 1363], [1188, 1362], [1191, 1359], [1191, 1358], [1196, 1353], [1196, 1352], [1197, 1351], [1197, 1349], [1198, 1348], [1198, 1346], [1199, 1345], [1199, 1343], [1200, 1342], [1200, 1341], [1201, 1340], [1201, 1338], [1202, 1337], [1202, 1336], [1203, 1335], [1203, 1334], [1204, 1333], [1204, 1331], [1203, 1331], [1202, 1330], [1201, 1330], [1200, 1329], [1199, 1329], [1198, 1328], [1197, 1328], [1196, 1327], [1195, 1327], [1194, 1326], [1193, 1326], [1192, 1325], [1191, 1325], [1190, 1324], [1188, 1324], [1187, 1323], [1186, 1323], [1185, 1322], [1184, 1322], [1183, 1321], [1181, 1321], [1180, 1320], [1178, 1320], [1177, 1319], [1175, 1319], [1174, 1318], [1171, 1318], [1170, 1317], [1167, 1317], [1166, 1316], [1163, 1316], [1162, 1315], [1160, 1315], [1159, 1314], [1158, 1314], [1157, 1313], [1156, 1313], [1155, 1312], [1154, 1312], [1153, 1311], [1152, 1311], [1150, 1309], [1149, 1309], [1148, 1308], [1148, 1307], [1143, 1302], [1142, 1302], [1137, 1297], [1137, 1296], [1136, 1295], [1136, 1294], [1134, 1292], [1134, 1291], [1133, 1290], [1133, 1289], [1132, 1288], [1132, 1286], [1131, 1285], [1131, 1280], [1130, 1279], [1130, 1275], [1129, 1274], [1129, 1269], [1128, 1268], [1128, 1260], [1129, 1259], [1129, 1256], [1130, 1255], [1130, 1252], [1131, 1251], [1131, 1248], [1132, 1247], [1132, 1244], [1133, 1243], [1133, 1241], [1134, 1240], [1134, 1238], [1135, 1237], [1135, 1236], [1136, 1235], [1136, 1233], [1137, 1232], [1137, 1231], [1138, 1230], [1138, 1229], [1139, 1228], [1139, 1227], [1140, 1226], [1140, 1225], [1142, 1223], [1142, 1222], [1143, 1221], [1143, 1220], [1145, 1218], [1145, 1217], [1148, 1214], [1148, 1213], [1150, 1211], [1150, 1210], [1152, 1208], [1152, 1207], [1153, 1206], [1153, 1205], [1155, 1203], [1155, 1202], [1156, 1201], [1156, 1200], [1157, 1199], [1157, 1198], [1158, 1197], [1158, 1196], [1169, 1185], [1169, 1184], [1172, 1181], [1172, 1180], [1174, 1178], [1174, 1177], [1176, 1175], [1176, 1174], [1177, 1173], [1177, 1171], [1178, 1170], [1178, 1169], [1179, 1168], [1179, 1167], [1180, 1166], [1180, 1164], [1182, 1162], [1182, 1161], [1184, 1159], [1184, 1158], [1185, 1157], [1185, 1156], [1186, 1155], [1186, 1154], [1187, 1153], [1187, 1151], [1189, 1149], [1189, 1148], [1191, 1146], [1191, 1145], [1194, 1142], [1194, 1141], [1196, 1139], [1196, 1138], [1199, 1135], [1199, 1134], [1205, 1128], [1205, 1126], [1206, 1125], [1206, 1124], [1207, 1123], [1207, 1121], [1208, 1120], [1208, 1119], [1209, 1118], [1209, 1117], [1210, 1116], [1210, 1114], [1211, 1113], [1211, 1112], [1212, 1111], [1212, 1109], [1213, 1108], [1213, 1107], [1214, 1106], [1214, 1105], [1219, 1100], [1219, 1099], [1224, 1094], [1228, 1094], [1229, 1095], [1239, 1095], [1240, 1096], [1263, 1096], [1264, 1097], [1268, 1097], [1269, 1098], [1270, 1098], [1271, 1099], [1273, 1099], [1274, 1100], [1275, 1100], [1276, 1101], [1277, 1101], [1278, 1102], [1280, 1102], [1281, 1103], [1282, 1103], [1283, 1104], [1284, 1104], [1285, 1105], [1286, 1105], [1287, 1106], [1288, 1106], [1295, 1113], [1295, 1114], [1298, 1117], [1298, 1118], [1300, 1120], [1300, 1121], [1301, 1122], [1301, 1123], [1302, 1124], [1302, 1125], [1303, 1126], [1303, 1127], [1304, 1128], [1304, 1129], [1305, 1130], [1305, 1131], [1306, 1132], [1306, 1134], [1308, 1136], [1308, 1137], [1310, 1139], [1311, 1139], [1312, 1140], [1313, 1140], [1315, 1142], [1316, 1142], [1318, 1144], [1319, 1144], [1327, 1152], [1328, 1152], [1330, 1154], [1330, 1155], [1332, 1157], [1332, 1158], [1334, 1160], [1334, 1161], [1336, 1163], [1336, 1164], [1340, 1168], [1340, 1169], [1345, 1174], [1345, 1175], [1346, 1176], [1346, 1177], [1348, 1179], [1348, 1180], [1349, 1181], [1349, 1182], [1351, 1184], [1351, 1185], [1354, 1188], [1355, 1188], [1358, 1191], [1359, 1191], [1360, 1192], [1361, 1192], [1362, 1193], [1363, 1193], [1364, 1194], [1366, 1194], [1367, 1195], [1369, 1195], [1370, 1196], [1370, 1197], [1371, 1198], [1371, 1199], [1372, 1200], [1372, 1195], [1373, 1194], [1373, 1192], [1374, 1191], [1374, 1189], [1375, 1188], [1375, 1186], [1376, 1185], [1376, 1182], [1377, 1181], [1377, 1178], [1378, 1177], [1378, 1174], [1379, 1173], [1378, 1172], [1378, 1164], [1377, 1163], [1377, 1155], [1376, 1154], [1376, 1150], [1375, 1149], [1375, 1148], [1374, 1147], [1374, 1146], [1373, 1145], [1373, 1144], [1372, 1143], [1372, 1142], [1367, 1137], [1367, 1136], [1366, 1135], [1366, 1134], [1365, 1133], [1365, 1131], [1364, 1130], [1364, 1128], [1363, 1127], [1363, 1124], [1362, 1123], [1362, 1120], [1361, 1119], [1361, 1116], [1360, 1115], [1360, 1111], [1359, 1110], [1359, 1106], [1358, 1105], [1358, 1103], [1357, 1102], [1357, 1100], [1356, 1099], [1356, 1097], [1355, 1096], [1355, 1094], [1354, 1093], [1354, 1092], [1353, 1091], [1353, 1090], [1352, 1089], [1352, 1088], [1351, 1087], [1351, 1086], [1348, 1083], [1348, 1082], [1347, 1081], [1347, 1080], [1346, 1079], [1346, 1078], [1345, 1077], [1345, 1076], [1344, 1075], [1344, 1073], [1343, 1072], [1343, 1070], [1342, 1069], [1342, 1067], [1341, 1066], [1341, 1063], [1340, 1062], [1340, 1056], [1339, 1055], [1339, 1045], [1338, 1044], [1338, 1037], [1337, 1036], [1337, 1033], [1336, 1032], [1336, 1030], [1335, 1029], [1335, 1027], [1334, 1026], [1334, 1025], [1333, 1024], [1333, 1023], [1332, 1022], [1332, 1021], [1331, 1020], [1331, 1019], [1330, 1018], [1330, 1017], [1328, 1015], [1328, 1014], [1327, 1013], [1327, 1012], [1326, 1011], [1326, 1010], [1325, 1009], [1325, 1008], [1324, 1007], [1324, 1006], [1323, 1005], [1323, 1003], [1322, 1002], [1322, 1001], [1321, 1000], [1321, 998], [1320, 997], [1320, 994], [1319, 993], [1319, 991], [1318, 990], [1318, 988], [1317, 987], [1317, 986], [1316, 985], [1316, 984], [1315, 983], [1315, 982], [1314, 981], [1314, 980], [1312, 978], [1312, 977], [1306, 971], [1306, 970], [1303, 967], [1303, 966], [1289, 952], [1288, 952], [1285, 949], [1284, 949], [1279, 944], [1278, 944], [1276, 942], [1275, 942], [1273, 940], [1272, 940], [1271, 939], [1269, 939], [1268, 938], [1267, 938], [1266, 937], [1260, 937], [1259, 936], [1254, 936], [1253, 935], [1247, 935], [1246, 934], [1241, 934], [1240, 933], [1237, 933], [1236, 932], [1233, 932], [1232, 931], [1230, 931], [1229, 930], [1227, 930], [1226, 929], [1224, 929], [1222, 927], [1221, 927], [1218, 924], [1217, 924], [1215, 922], [1214, 922], [1212, 920], [1211, 920], [1210, 919], [1209, 919], [1208, 918], [1207, 918], [1206, 917], [1204, 917], [1203, 916], [1201, 916], [1200, 915], [1198, 915], [1197, 914], [1195, 914], [1194, 913], [1193, 913], [1192, 912], [1190, 912], [1189, 911], [1188, 911], [1187, 910], [1186, 910], [1185, 909], [1184, 909], [1183, 908], [1182, 908], [1174, 900], [1174, 899], [1169, 894], [1168, 894], [1165, 891], [1164, 891], [1162, 889], [1161, 889], [1160, 888], [1159, 888], [1150, 879], [1150, 878], [1146, 874], [1145, 874], [1143, 872], [1142, 872], [1140, 870], [1138, 870], [1137, 869], [1136, 869], [1135, 868], [1133, 868], [1132, 867], [1131, 867], [1130, 866], [1129, 866], [1128, 865], [1127, 865], [1126, 864], [1125, 864], [1124, 863], [1123, 863], [1121, 861], [1120, 861], [1118, 859], [1117, 859], [1115, 857], [1114, 857], [1113, 856], [1112, 856], [1111, 855], [1110, 855], [1109, 854], [1108, 854], [1107, 853], [1106, 853], [1105, 852], [1103, 852], [1102, 851], [1100, 851], [1099, 850], [1096, 850], [1095, 849], [1090, 849], [1089, 848], [1083, 848], [1082, 847], [1076, 847], [1075, 846], [1072, 846], [1071, 845], [1068, 845], [1067, 844], [1065, 844], [1064, 843], [1062, 843], [1061, 842], [1059, 842], [1058, 841], [1056, 841], [1055, 840], [1051, 840], [1050, 839], [1047, 839], [1046, 838], [1044, 838], [1043, 837], [1040, 837], [1039, 836], [1037, 836], [1036, 835], [1034, 835], [1033, 834], [1025, 834], [1024, 833], [1015, 833], [1014, 832], [1003, 832], [1002, 831]]","[[683, 1196], [894, 752], [1457, 1019], [1247, 1463]]",0.99975795,pixels
7,MHR.6693.jpg,autozooid,558.2452392578125,603.9097900390625,144693.5,2174.216504096985,0.6846657786589506,0.3846389937379278,0.988204949305742,516.654296875,510.5603332519531,78.41226959228516,698,580,0.20596939347273346,0.0013655875501491113,0.0013288978555633301,0.000534819718917684,-1.7353224057031307e-07,-1.5198275806475178e-05,-4.161436537649022e-07,"[[678, 370], [677, 371], [669, 371], [668, 372], [660, 372], [659, 373], [651, 373], [650, 374], [641, 374], [640, 375], [635, 375], [634, 376], [628, 376], [627, 377], [622, 377], [621, 378], [619, 378], [618, 379], [616, 379], [615, 380], [614, 380], [613, 381], [612, 381], [611, 382], [610, 382], [607, 385], [606, 385], [602, 389], [601, 389], [599, 391], [598, 391], [597, 392], [596, 392], [595, 393], [594, 393], [593, 394], [591, 394], [590, 395], [589, 395], [588, 396], [586, 396], [585, 397], [584, 397], [583, 398], [581, 398], [580, 399], [579, 399], [578, 400], [577, 400], [576, 401], [575, 401], [573, 403], [572, 403], [561, 414], [560, 414], [558, 416], [557, 416], [555, 418], [554, 418], [552, 420], [551, 420], [546, 425], [545, 425], [539, 431], [539, 432], [534, 437], [534, 438], [531, 441], [531, 442], [529, 444], [529, 445], [527, 447], [527, 448], [526, 449], [526, 450], [524, 452], [524, 453], [518, 459], [518, 460], [516, 462], [516, 463], [515, 464], [515, 465], [514, 466], [514, 467], [513, 468], [513, 469], [512, 470], [512, 473], [511, 474], [511, 480], [510, 481], [510, 488], [509, 489], [509, 498], [508, 499], [508, 508], [507, 509], [507, 516], [506, 517], [506, 522], [505, 523], [505, 527], [504, 528], [504, 531], [503, 532], [503, 535], [502, 536], [502, 538], [501, 539], [501, 540], [500, 541], [500, 542], [499, 543], [499, 545], [498, 546], [498, 547], [497, 548], [497, 550], [496, 551], [496, 554], [495, 555], [495, 558], [494, 559], [494, 564], [493, 565], [493, 572], [492, 573], [492, 583], [491, 584], [491, 601], [490, 602], [490, 611], [489, 612], [489, 619], [488, 620], [488, 627], [487, 628], [487, 636], [486, 637], [486, 644], [485, 645], [486, 646], [486, 653], [487, 654], [487, 663], [488, 664], [488, 674], [489, 675], [489, 687], [490, 688], [490, 702], [491, 703], [491, 714], [492, 715], [492, 720], [493, 721], [493, 726], [494, 727], [494, 731], [495, 732], [495, 733], [497, 735], [497, 736], [501, 740], [502, 740], [506, 744], [506, 745], [508, 747], [508, 748], [509, 749], [509, 750], [510, 751], [510, 752], [511, 753], [511, 754], [513, 756], [513, 757], [520, 764], [521, 764], [523, 766], [524, 766], [529, 771], [529, 772], [531, 774], [531, 775], [533, 777], [533, 778], [538, 783], [539, 783], [541, 785], [542, 785], [543, 786], [544, 786], [546, 788], [547, 788], [554, 795], [554, 796], [559, 801], [560, 801], [561, 802], [562, 802], [563, 803], [565, 803], [566, 804], [567, 804], [568, 805], [570, 805], [571, 806], [573, 806], [574, 807], [576, 807], [577, 808], [579, 808], [580, 809], [582, 809], [584, 811], [585, 811], [587, 813], [588, 813], [598, 823], [599, 823], [600, 824], [601, 824], [602, 825], [604, 825], [605, 826], [606, 826], [607, 827], [609, 827], [610, 828], [612, 828], [613, 829], [614, 829], [615, 830], [617, 830], [618, 831], [619, 831], [620, 832], [621, 832], [623, 834], [624, 834], [627, 837], [627, 838], [634, 845], [635, 845], [637, 847], [638, 847], [639, 848], [641, 848], [642, 849], [643, 849], [644, 850], [646, 850], [647, 851], [648, 851], [650, 853], [651, 853], [652, 854], [653, 854], [661, 862], [662, 862], [663, 863], [664, 863], [665, 864], [666, 864], [668, 866], [669, 866], [670, 867], [671, 867], [673, 869], [674, 869], [675, 870], [676, 870], [678, 872], [679, 872], [680, 873], [682, 873], [683, 874], [686, 874], [690, 878], [690, 879], [691, 880], [691, 882], [694, 885], [695, 885], [697, 887], [698, 887], [699, 888], [702, 888], [704, 886], [705, 886], [707, 884], [707, 883], [708, 882], [706, 880], [706, 879], [704, 877], [704, 876], [701, 873], [701, 872], [700, 871], [699, 871], [698, 870], [697, 870], [694, 867], [694, 866], [693, 865], [693, 860], [692, 859], [692, 855], [691, 854], [691, 849], [690, 848], [690, 841], [689, 840], [689, 833], [688, 832], [688, 825], [687, 824], [687, 819], [686, 818], [686, 794], [685, 793], [685, 790], [684, 789], [684, 786], [683, 785], [683, 782], [682, 781], [682, 780], [681, 779], [681, 777], [680, 776], [680, 769], [681, 768], [681, 763], [682, 762], [682, 756], [683, 755], [683, 752], [684, 751], [684, 750], [685, 749], [685, 747], [686, 746], [686, 745], [687, 744], [687, 742], [688, 741], [688, 739], [689, 738], [689, 736], [690, 735], [690, 732], [691, 731], [691, 730], [692, 729], [692, 728], [693, 727], [693, 726], [695, 724], [695, 723], [696, 722], [696, 721], [699, 718], [699, 717], [704, 712], [704, 711], [705, 710], [705, 697], [704, 696], [704, 691], [703, 690], [703, 689], [705, 687], [708, 687], [709, 686], [712, 686], [713, 685], [716, 685], [717, 684], [720, 684], [725, 679], [726, 679], [737, 668], [737, 667], [739, 665], [739, 664], [742, 661], [743, 661], [745, 659], [746, 659], [749, 656], [750, 656], [751, 655], [752, 655], [754, 653], [755, 653], [756, 652], [757, 652], [758, 651], [759, 651], [763, 647], [763, 646], [766, 643], [767, 643], [779, 631], [780, 631], [781, 630], [783, 630], [784, 629], [786, 629], [787, 628], [789, 628], [790, 627], [792, 627], [793, 626], [795, 626], [796, 625], [799, 625], [800, 624], [801, 624], [811, 614], [812, 614], [814, 612], [815, 612], [817, 610], [818, 610], [819, 609], [821, 609], [822, 610], [825, 610], [826, 611], [828, 611], [829, 612], [832, 612], [833, 613], [835, 613], [836, 614], [839, 614], [840, 615], [852, 615], [853, 616], [861, 616], [862, 617], [863, 617], [864, 618], [866, 618], [867, 619], [869, 619], [870, 620], [872, 620], [873, 621], [875, 621], [876, 622], [877, 622], [878, 623], [882, 623], [883, 624], [889, 624], [890, 625], [895, 625], [896, 626], [899, 626], [903, 630], [903, 631], [907, 635], [907, 636], [910, 639], [910, 640], [912, 642], [912, 643], [914, 645], [914, 646], [916, 648], [916, 649], [922, 655], [923, 655], [927, 659], [928, 659], [931, 662], [932, 662], [934, 664], [935, 664], [942, 671], [943, 671], [947, 675], [948, 675], [950, 677], [951, 677], [953, 679], [954, 679], [956, 681], [957, 681], [958, 682], [959, 682], [961, 684], [962, 684], [967, 689], [967, 690], [969, 692], [969, 693], [970, 694], [970, 695], [972, 697], [972, 698], [975, 701], [975, 702], [981, 708], [981, 709], [982, 710], [982, 711], [983, 712], [983, 714], [984, 715], [984, 718], [985, 719], [985, 724], [986, 725], [986, 736], [987, 737], [987, 754], [988, 755], [988, 756], [989, 757], [989, 758], [991, 760], [991, 761], [992, 762], [992, 763], [1002, 773], [1002, 774], [1003, 775], [1002, 776], [1002, 778], [1001, 779], [1001, 781], [1000, 782], [1000, 784], [999, 785], [999, 787], [998, 788], [998, 790], [997, 791], [997, 795], [996, 796], [1002, 802], [1002, 803], [1005, 806], [1005, 807], [1007, 809], [1007, 810], [1008, 811], [1008, 812], [1010, 814], [1010, 815], [1011, 816], [1011, 817], [1014, 820], [1015, 820], [1017, 822], [1018, 822], [1019, 823], [1021, 821], [1021, 820], [1023, 818], [1023, 813], [1024, 812], [1024, 805], [1025, 804], [1025, 784], [1024, 783], [1024, 774], [1023, 773], [1023, 770], [1022, 769], [1022, 767], [1021, 766], [1021, 764], [1020, 763], [1020, 761], [1019, 760], [1019, 759], [1018, 758], [1017, 758], [1014, 755], [1014, 754], [1011, 751], [1011, 750], [1010, 749], [1010, 748], [1009, 747], [1009, 746], [1008, 745], [1008, 743], [1007, 742], [1007, 739], [1006, 738], [1006, 733], [1005, 732], [1005, 725], [1004, 724], [1004, 716], [1003, 715], [1003, 710], [1002, 709], [1002, 707], [1001, 706], [1001, 705], [1000, 704], [1000, 703], [999, 702], [999, 701], [996, 701], [995, 700], [993, 700], [992, 699], [991, 699], [987, 695], [987, 693], [986, 692], [986, 685], [985, 684], [985, 666], [984, 665], [984, 662], [983, 661], [983, 659], [982, 658], [982, 656], [981, 655], [981, 654], [980, 653], [980, 651], [979, 650], [979, 649], [978, 648], [978, 647], [977, 646], [977, 645], [976, 644], [976, 641], [975, 640], [975, 637], [974, 636], [974, 633], [973, 632], [973, 627], [972, 626], [972, 605], [971, 604], [971, 584], [970, 583], [970, 572], [969, 571], [969, 562], [968, 561], [968, 558], [967, 557], [967, 556], [966, 555], [966, 554], [963, 551], [963, 550], [960, 547], [959, 547], [954, 542], [954, 541], [952, 539], [952, 538], [951, 537], [951, 536], [950, 535], [950, 534], [948, 532], [948, 531], [946, 529], [946, 528], [933, 515], [933, 514], [930, 511], [930, 510], [923, 503], [922, 503], [914, 495], [914, 494], [912, 492], [912, 491], [909, 488], [909, 487], [900, 478], [899, 478], [895, 474], [895, 473], [893, 471], [893, 470], [891, 468], [891, 467], [889, 465], [889, 464], [885, 460], [885, 459], [875, 449], [875, 448], [870, 443], [870, 442], [861, 433], [861, 432], [851, 422], [850, 422], [846, 418], [845, 418], [842, 415], [841, 415], [839, 413], [838, 413], [832, 407], [832, 406], [831, 405], [830, 405], [827, 402], [826, 402], [824, 400], [823, 400], [822, 399], [821, 399], [820, 398], [818, 398], [817, 397], [815, 397], [814, 396], [813, 396], [812, 395], [811, 395], [810, 394], [809, 394], [807, 392], [806, 392], [803, 389], [802, 389], [797, 384], [796, 384], [795, 383], [794, 383], [793, 382], [792, 382], [791, 381], [790, 381], [789, 380], [788, 380], [787, 379], [785, 379], [784, 378], [782, 378], [781, 377], [778, 377], [777, 376], [772, 376], [771, 375], [766, 375], [765, 374], [761, 374], [760, 373], [750, 373], [749, 372], [740, 372], [739, 371], [726, 371], [725, 370], [710, 370], [709, 371], [691, 371], [690, 370]]","[[429, 416], [929, 313], [1033, 820], [533, 922]]",0.9996799,pixels
8,MHR.6693.jpg,autozooid,499.317138671875,660.8192138671875,203103.5,1931.5991905927658,0.9140921232360374,0.6840584972986878,0.7959030552051436,593.2318725585938,472.1550598144531,45.154441833496094,1374,1594,0.17119964476265664,0.0021990662335372997,7.186527850626393e-05,9.95306506133565e-06,1.7886256003051068e-10,3.845713110320572e-07,1.9714539634348627e-10,"[[1326, 1313], [1325, 1314], [1312, 1314], [1311, 1315], [1303, 1315], [1302, 1316], [1297, 1316], [1296, 1317], [1293, 1317], [1292, 1318], [1290, 1318], [1289, 1319], [1287, 1319], [1286, 1320], [1285, 1320], [1284, 1321], [1282, 1321], [1281, 1322], [1280, 1322], [1279, 1323], [1277, 1323], [1276, 1324], [1275, 1324], [1274, 1325], [1273, 1325], [1272, 1326], [1271, 1326], [1270, 1327], [1268, 1327], [1267, 1328], [1266, 1328], [1265, 1329], [1263, 1329], [1262, 1330], [1261, 1330], [1260, 1331], [1259, 1331], [1258, 1332], [1257, 1332], [1255, 1334], [1254, 1334], [1253, 1335], [1252, 1335], [1251, 1336], [1250, 1336], [1249, 1337], [1248, 1337], [1247, 1338], [1246, 1338], [1245, 1339], [1244, 1339], [1243, 1340], [1242, 1340], [1241, 1341], [1239, 1341], [1238, 1342], [1237, 1342], [1236, 1343], [1234, 1343], [1233, 1344], [1232, 1344], [1231, 1345], [1230, 1345], [1229, 1346], [1228, 1346], [1227, 1347], [1225, 1347], [1224, 1348], [1221, 1348], [1220, 1349], [1217, 1349], [1216, 1350], [1213, 1350], [1212, 1351], [1208, 1351], [1205, 1354], [1204, 1354], [1202, 1356], [1201, 1356], [1199, 1358], [1198, 1358], [1195, 1361], [1194, 1361], [1192, 1363], [1191, 1363], [1188, 1366], [1188, 1367], [1186, 1369], [1186, 1370], [1185, 1371], [1185, 1372], [1183, 1374], [1183, 1375], [1180, 1378], [1180, 1379], [1172, 1387], [1172, 1388], [1170, 1390], [1170, 1391], [1168, 1393], [1168, 1394], [1167, 1395], [1167, 1397], [1166, 1398], [1166, 1399], [1165, 1400], [1165, 1401], [1164, 1402], [1164, 1403], [1163, 1404], [1163, 1406], [1162, 1407], [1162, 1408], [1161, 1409], [1161, 1410], [1160, 1411], [1160, 1412], [1159, 1413], [1159, 1414], [1158, 1415], [1158, 1417], [1157, 1418], [1157, 1419], [1156, 1420], [1156, 1421], [1154, 1423], [1154, 1425], [1153, 1426], [1153, 1427], [1152, 1428], [1152, 1429], [1151, 1430], [1151, 1432], [1150, 1433], [1150, 1436], [1149, 1437], [1149, 1440], [1148, 1441], [1148, 1453], [1147, 1454], [1147, 1509], [1148, 1510], [1148, 1520], [1149, 1521], [1149, 1528], [1150, 1529], [1150, 1535], [1151, 1536], [1151, 1538], [1152, 1539], [1152, 1541], [1153, 1542], [1153, 1543], [1154, 1544], [1154, 1545], [1155, 1546], [1155, 1547], [1156, 1548], [1156, 1549], [1157, 1550], [1157, 1551], [1158, 1552], [1158, 1554], [1159, 1555], [1159, 1557], [1160, 1558], [1160, 1563], [1161, 1564], [1161, 1572], [1162, 1573], [1162, 1582], [1163, 1583], [1163, 1617], [1164, 1618], [1164, 1638], [1165, 1639], [1165, 1651], [1166, 1652], [1166, 1660], [1167, 1661], [1167, 1666], [1168, 1667], [1168, 1672], [1169, 1673], [1169, 1677], [1170, 1678], [1170, 1681], [1171, 1682], [1171, 1684], [1172, 1685], [1172, 1687], [1173, 1688], [1173, 1689], [1174, 1690], [1174, 1692], [1175, 1693], [1175, 1695], [1176, 1696], [1176, 1699], [1177, 1700], [1177, 1703], [1178, 1704], [1178, 1707], [1179, 1708], [1179, 1711], [1180, 1712], [1180, 1716], [1181, 1717], [1181, 1721], [1182, 1722], [1182, 1725], [1183, 1726], [1183, 1729], [1184, 1730], [1184, 1732], [1185, 1733], [1185, 1735], [1186, 1736], [1186, 1737], [1187, 1738], [1187, 1739], [1188, 1740], [1188, 1741], [1189, 1742], [1189, 1743], [1190, 1744], [1190, 1745], [1192, 1747], [1192, 1748], [1195, 1751], [1195, 1752], [1203, 1760], [1204, 1760], [1207, 1763], [1208, 1763], [1210, 1765], [1211, 1765], [1213, 1767], [1214, 1767], [1220, 1773], [1221, 1773], [1224, 1776], [1225, 1776], [1226, 1777], [1227, 1777], [1229, 1779], [1230, 1779], [1231, 1780], [1232, 1780], [1233, 1781], [1234, 1781], [1235, 1782], [1236, 1782], [1237, 1783], [1239, 1783], [1240, 1784], [1241, 1784], [1242, 1785], [1243, 1785], [1244, 1786], [1245, 1786], [1246, 1787], [1247, 1787], [1248, 1788], [1249, 1788], [1250, 1789], [1251, 1789], [1253, 1791], [1254, 1791], [1259, 1796], [1260, 1796], [1263, 1799], [1264, 1799], [1266, 1801], [1267, 1801], [1269, 1803], [1270, 1803], [1271, 1804], [1272, 1804], [1273, 1805], [1274, 1805], [1275, 1806], [1277, 1806], [1278, 1807], [1279, 1807], [1280, 1808], [1281, 1808], [1283, 1810], [1284, 1810], [1288, 1814], [1289, 1814], [1290, 1815], [1290, 1816], [1294, 1820], [1294, 1821], [1298, 1825], [1299, 1825], [1303, 1829], [1304, 1829], [1309, 1834], [1310, 1834], [1318, 1842], [1318, 1843], [1319, 1844], [1319, 1845], [1320, 1846], [1320, 1847], [1321, 1848], [1321, 1849], [1322, 1850], [1322, 1851], [1324, 1853], [1324, 1854], [1325, 1855], [1325, 1856], [1326, 1857], [1326, 1858], [1328, 1860], [1328, 1861], [1329, 1862], [1329, 1863], [1330, 1864], [1330, 1865], [1332, 1867], [1332, 1868], [1334, 1870], [1334, 1871], [1337, 1874], [1337, 1875], [1340, 1878], [1340, 1879], [1342, 1881], [1342, 1882], [1344, 1884], [1344, 1885], [1346, 1887], [1346, 1888], [1347, 1889], [1347, 1890], [1349, 1892], [1349, 1893], [1352, 1896], [1352, 1897], [1356, 1901], [1356, 1902], [1358, 1904], [1358, 1905], [1360, 1907], [1360, 1908], [1362, 1910], [1362, 1911], [1363, 1912], [1363, 1913], [1370, 1920], [1371, 1920], [1374, 1923], [1375, 1923], [1382, 1930], [1383, 1930], [1386, 1933], [1386, 1934], [1387, 1934], [1394, 1941], [1395, 1941], [1399, 1945], [1400, 1945], [1403, 1948], [1404, 1948], [1406, 1950], [1407, 1950], [1416, 1959], [1416, 1960], [1417, 1961], [1418, 1961], [1420, 1963], [1421, 1963], [1422, 1964], [1423, 1963], [1425, 1963], [1426, 1962], [1427, 1962], [1428, 1961], [1430, 1961], [1431, 1960], [1432, 1960], [1432, 1958], [1433, 1957], [1433, 1955], [1434, 1954], [1434, 1950], [1435, 1949], [1435, 1944], [1436, 1943], [1436, 1910], [1437, 1909], [1437, 1905], [1438, 1904], [1438, 1900], [1439, 1899], [1439, 1895], [1440, 1894], [1440, 1889], [1441, 1888], [1441, 1882], [1442, 1881], [1442, 1876], [1443, 1875], [1443, 1869], [1444, 1868], [1444, 1863], [1445, 1862], [1445, 1858], [1446, 1857], [1446, 1854], [1447, 1853], [1447, 1849], [1448, 1848], [1448, 1845], [1449, 1844], [1449, 1839], [1450, 1838], [1450, 1834], [1451, 1833], [1451, 1830], [1452, 1829], [1452, 1826], [1453, 1825], [1453, 1823], [1454, 1822], [1454, 1820], [1455, 1819], [1455, 1818], [1456, 1817], [1456, 1816], [1457, 1815], [1457, 1814], [1458, 1813], [1458, 1812], [1459, 1811], [1459, 1810], [1460, 1809], [1460, 1808], [1461, 1807], [1461, 1806], [1462, 1805], [1462, 1804], [1463, 1803], [1463, 1801], [1464, 1800], [1464, 1798], [1465, 1797], [1465, 1795], [1467, 1793], [1467, 1792], [1468, 1791], [1468, 1790], [1471, 1787], [1471, 1786], [1475, 1782], [1476, 1782], [1477, 1781], [1480, 1781], [1481, 1780], [1484, 1780], [1485, 1779], [1486, 1779], [1487, 1778], [1489, 1778], [1490, 1777], [1491, 1777], [1492, 1776], [1512, 1776], [1513, 1775], [1518, 1775], [1519, 1774], [1522, 1774], [1523, 1773], [1527, 1773], [1528, 1772], [1531, 1772], [1532, 1771], [1534, 1771], [1535, 1770], [1538, 1770], [1539, 1769], [1542, 1769], [1543, 1768], [1546, 1768], [1547, 1767], [1550, 1767], [1551, 1766], [1556, 1766], [1557, 1765], [1563, 1765], [1564, 1764], [1565, 1764], [1566, 1765], [1569, 1765], [1570, 1766], [1572, 1766], [1573, 1767], [1576, 1767], [1577, 1768], [1579, 1768], [1580, 1769], [1583, 1769], [1584, 1770], [1592, 1770], [1593, 1771], [1600, 1771], [1601, 1772], [1606, 1772], [1607, 1773], [1611, 1773], [1612, 1774], [1616, 1774], [1617, 1775], [1618, 1775], [1619, 1774], [1619, 1773], [1620, 1772], [1620, 1771], [1622, 1769], [1622, 1768], [1623, 1767], [1623, 1765], [1624, 1764], [1624, 1762], [1625, 1761], [1625, 1758], [1626, 1757], [1626, 1752], [1627, 1751], [1627, 1737], [1628, 1736], [1628, 1721], [1627, 1720], [1627, 1711], [1626, 1710], [1626, 1700], [1625, 1699], [1625, 1694], [1624, 1693], [1624, 1688], [1623, 1687], [1623, 1684], [1622, 1683], [1622, 1679], [1621, 1678], [1621, 1676], [1620, 1675], [1620, 1674], [1619, 1673], [1619, 1672], [1618, 1671], [1618, 1670], [1616, 1668], [1616, 1667], [1615, 1666], [1615, 1665], [1614, 1664], [1614, 1662], [1613, 1661], [1613, 1659], [1612, 1658], [1612, 1656], [1611, 1655], [1611, 1649], [1610, 1648], [1610, 1638], [1609, 1637], [1609, 1623], [1608, 1622], [1608, 1606], [1607, 1605], [1607, 1594], [1606, 1593], [1606, 1583], [1605, 1582], [1605, 1580], [1604, 1579], [1604, 1577], [1603, 1576], [1603, 1575], [1602, 1574], [1602, 1572], [1600, 1570], [1600, 1569], [1599, 1568], [1599, 1567], [1598, 1566], [1598, 1565], [1597, 1564], [1597, 1563], [1596, 1562], [1596, 1560], [1595, 1559], [1595, 1557], [1594, 1556], [1594, 1552], [1593, 1551], [1593, 1547], [1592, 1546], [1592, 1542], [1591, 1541], [1591, 1536], [1590, 1535], [1590, 1533], [1589, 1532], [1589, 1530], [1588, 1529], [1588, 1527], [1587, 1526], [1587, 1525], [1586, 1524], [1586, 1523], [1584, 1521], [1584, 1520], [1582, 1518], [1582, 1517], [1580, 1515], [1580, 1514], [1579, 1513], [1579, 1512], [1578, 1511], [1578, 1509], [1577, 1508], [1577, 1506], [1576, 1505], [1576, 1503], [1575, 1502], [1575, 1500], [1574, 1499], [1574, 1496], [1573, 1495], [1573, 1493], [1572, 1492], [1572, 1490], [1571, 1489], [1571, 1487], [1570, 1486], [1570, 1485], [1568, 1483], [1568, 1482], [1563, 1477], [1563, 1476], [1561, 1474], [1561, 1473], [1559, 1471], [1559, 1470], [1558, 1469], [1558, 1468], [1557, 1467], [1557, 1465], [1556, 1464], [1556, 1463], [1555, 1462], [1555, 1460], [1554, 1459], [1554, 1458], [1553, 1457], [1553, 1456], [1551, 1454], [1551, 1453], [1548, 1450], [1548, 1449], [1543, 1444], [1543, 1443], [1541, 1441], [1541, 1440], [1540, 1439], [1540, 1438], [1538, 1436], [1538, 1435], [1529, 1426], [1528, 1426], [1524, 1422], [1524, 1421], [1522, 1419], [1522, 1418], [1521, 1417], [1521, 1416], [1519, 1414], [1519, 1413], [1513, 1407], [1512, 1407], [1504, 1399], [1504, 1398], [1502, 1396], [1502, 1395], [1501, 1394], [1501, 1393], [1500, 1392], [1500, 1391], [1498, 1389], [1498, 1388], [1495, 1385], [1494, 1385], [1492, 1383], [1491, 1383], [1487, 1379], [1486, 1379], [1485, 1378], [1485, 1377], [1482, 1374], [1482, 1373], [1480, 1371], [1480, 1370], [1479, 1369], [1479, 1368], [1475, 1364], [1474, 1364], [1473, 1363], [1472, 1363], [1471, 1362], [1470, 1362], [1469, 1361], [1468, 1361], [1467, 1360], [1466, 1360], [1465, 1359], [1464, 1359], [1463, 1358], [1462, 1358], [1461, 1357], [1460, 1357], [1459, 1356], [1458, 1356], [1451, 1349], [1451, 1348], [1450, 1347], [1450, 1346], [1448, 1344], [1448, 1343], [1442, 1337], [1441, 1337], [1439, 1335], [1437, 1335], [1436, 1334], [1435, 1334], [1433, 1332], [1432, 1332], [1430, 1330], [1429, 1330], [1423, 1324], [1423, 1323], [1422, 1322], [1421, 1322], [1419, 1320], [1418, 1320], [1417, 1319], [1416, 1319], [1415, 1318], [1414, 1318], [1413, 1317], [1411, 1317], [1410, 1316], [1408, 1316], [1407, 1315], [1405, 1315], [1404, 1314], [1369, 1314], [1368, 1313]]","[[998, 1554], [1333, 1221], [1751, 1642], [1416, 1975]]",0.9995609,pixels
9,MHR.6693.jpg,autozooid,616.8941650390625,656.4105224609375,216695.5,2264.5352677106857,0.7891343377069836,0.5310086298236835,0.9681007535742181,605.77197265625,586.4483032226562,27.574565887451172,832,1542,0.19413569379705614,0.002156673044728584,0.0013164469569772182,0.00016373820554555502,-7.496308107170957e-08,-7.391762295698822e-06,1.2631170053229007e-08,"[[806, 1272], [805, 1273], [799, 1273], [798, 1274], [794, 1274], [793, 1275], [789, 1275], [788, 1276], [784, 1276], [783, 1277], [782, 1277], [781, 1278], [780, 1278], [779, 1279], [778, 1279], [777, 1280], [776, 1280], [774, 1282], [773, 1282], [772, 1283], [771, 1283], [770, 1284], [769, 1284], [768, 1285], [767, 1285], [766, 1286], [764, 1286], [763, 1287], [761, 1287], [760, 1288], [759, 1288], [758, 1289], [756, 1289], [755, 1290], [753, 1290], [752, 1291], [750, 1291], [749, 1292], [747, 1292], [746, 1293], [745, 1293], [744, 1294], [742, 1294], [741, 1295], [740, 1295], [739, 1296], [738, 1296], [736, 1298], [735, 1298], [731, 1302], [730, 1302], [730, 1303], [729, 1304], [728, 1304], [724, 1308], [723, 1308], [721, 1310], [720, 1310], [719, 1311], [718, 1311], [717, 1312], [716, 1312], [715, 1313], [714, 1313], [713, 1314], [712, 1314], [711, 1315], [710, 1315], [708, 1317], [707, 1317], [706, 1318], [705, 1318], [703, 1320], [702, 1320], [700, 1322], [699, 1322], [697, 1324], [696, 1324], [689, 1331], [688, 1331], [685, 1334], [684, 1334], [682, 1336], [681, 1336], [679, 1338], [678, 1338], [677, 1339], [676, 1339], [675, 1340], [673, 1340], [672, 1341], [671, 1341], [670, 1342], [668, 1342], [667, 1343], [666, 1343], [665, 1344], [664, 1344], [663, 1345], [662, 1345], [660, 1347], [659, 1347], [657, 1349], [656, 1349], [633, 1372], [633, 1373], [630, 1376], [630, 1377], [629, 1378], [629, 1379], [628, 1380], [628, 1381], [626, 1383], [626, 1384], [625, 1385], [625, 1387], [624, 1388], [624, 1389], [623, 1390], [623, 1391], [622, 1392], [622, 1393], [621, 1394], [621, 1396], [620, 1397], [620, 1399], [619, 1400], [619, 1402], [618, 1403], [618, 1405], [617, 1406], [617, 1407], [616, 1408], [616, 1410], [615, 1411], [615, 1413], [614, 1414], [614, 1415], [613, 1416], [613, 1418], [612, 1419], [612, 1420], [611, 1421], [611, 1422], [609, 1424], [609, 1425], [606, 1428], [606, 1429], [604, 1431], [604, 1432], [603, 1433], [603, 1434], [602, 1435], [602, 1436], [601, 1437], [601, 1438], [600, 1439], [600, 1440], [599, 1441], [599, 1443], [598, 1444], [598, 1453], [597, 1454], [597, 1464], [596, 1465], [596, 1499], [595, 1500], [595, 1553], [594, 1554], [594, 1580], [593, 1581], [593, 1593], [592, 1594], [592, 1603], [591, 1604], [591, 1611], [590, 1612], [590, 1619], [589, 1620], [589, 1625], [588, 1626], [588, 1630], [587, 1631], [587, 1639], [586, 1640], [586, 1651], [585, 1652], [585, 1661], [584, 1662], [584, 1669], [583, 1670], [583, 1677], [582, 1678], [582, 1683], [581, 1684], [581, 1687], [580, 1688], [580, 1692], [579, 1693], [579, 1697], [578, 1698], [578, 1727], [579, 1728], [579, 1733], [580, 1734], [580, 1738], [581, 1739], [581, 1742], [582, 1743], [582, 1746], [583, 1747], [583, 1748], [585, 1750], [586, 1750], [587, 1751], [591, 1751], [592, 1752], [596, 1752], [597, 1753], [603, 1753], [604, 1754], [611, 1754], [612, 1755], [619, 1755], [620, 1756], [627, 1756], [628, 1757], [631, 1757], [635, 1761], [636, 1761], [643, 1768], [643, 1769], [649, 1775], [650, 1775], [651, 1776], [652, 1776], [653, 1777], [654, 1777], [655, 1778], [656, 1778], [657, 1779], [658, 1779], [659, 1780], [660, 1780], [662, 1782], [663, 1782], [664, 1783], [665, 1783], [667, 1785], [668, 1785], [670, 1787], [671, 1787], [675, 1791], [676, 1791], [680, 1795], [680, 1796], [688, 1804], [688, 1805], [693, 1810], [693, 1811], [707, 1825], [707, 1826], [710, 1829], [710, 1830], [713, 1833], [713, 1834], [714, 1835], [714, 1836], [716, 1838], [716, 1839], [717, 1840], [717, 1841], [720, 1844], [721, 1844], [723, 1846], [724, 1846], [726, 1848], [727, 1848], [729, 1850], [730, 1850], [732, 1852], [733, 1852], [736, 1855], [737, 1855], [739, 1857], [740, 1857], [750, 1867], [751, 1867], [754, 1870], [755, 1870], [757, 1872], [758, 1872], [759, 1873], [760, 1873], [761, 1874], [762, 1874], [763, 1875], [765, 1875], [766, 1876], [768, 1876], [769, 1877], [771, 1877], [772, 1878], [774, 1878], [775, 1879], [777, 1879], [778, 1880], [780, 1880], [781, 1881], [782, 1881], [783, 1882], [784, 1882], [785, 1883], [787, 1883], [788, 1884], [789, 1884], [790, 1885], [791, 1885], [792, 1886], [793, 1886], [794, 1887], [795, 1887], [796, 1888], [797, 1888], [798, 1889], [799, 1889], [800, 1890], [801, 1890], [802, 1891], [804, 1891], [805, 1892], [807, 1892], [808, 1893], [811, 1893], [812, 1894], [816, 1894], [817, 1895], [821, 1895], [822, 1896], [826, 1896], [827, 1897], [841, 1897], [842, 1898], [856, 1898], [857, 1899], [865, 1899], [866, 1900], [871, 1900], [872, 1901], [874, 1899], [874, 1898], [875, 1897], [875, 1896], [876, 1895], [876, 1894], [877, 1893], [877, 1892], [878, 1891], [878, 1872], [877, 1871], [877, 1864], [876, 1863], [876, 1862], [875, 1861], [875, 1859], [874, 1858], [874, 1857], [873, 1856], [873, 1855], [871, 1853], [871, 1852], [870, 1851], [870, 1850], [869, 1849], [869, 1848], [868, 1847], [868, 1845], [867, 1844], [867, 1843], [866, 1842], [866, 1840], [865, 1839], [865, 1838], [864, 1837], [864, 1836], [863, 1835], [863, 1834], [862, 1833], [862, 1831], [861, 1830], [861, 1829], [860, 1828], [860, 1826], [859, 1825], [859, 1824], [858, 1823], [858, 1821], [857, 1820], [857, 1819], [856, 1818], [856, 1816], [855, 1815], [855, 1813], [854, 1812], [854, 1811], [853, 1810], [853, 1809], [852, 1808], [852, 1807], [851, 1806], [851, 1805], [849, 1803], [849, 1802], [848, 1801], [848, 1800], [847, 1799], [847, 1798], [846, 1797], [846, 1795], [845, 1794], [845, 1793], [844, 1792], [844, 1790], [843, 1789], [843, 1787], [842, 1786], [842, 1784], [841, 1783], [841, 1781], [840, 1780], [840, 1777], [839, 1776], [839, 1774], [838, 1773], [838, 1766], [837, 1765], [837, 1758], [836, 1757], [836, 1750], [835, 1749], [836, 1748], [836, 1744], [837, 1743], [837, 1740], [838, 1739], [838, 1735], [839, 1734], [839, 1731], [840, 1730], [840, 1727], [841, 1726], [841, 1724], [842, 1723], [842, 1721], [843, 1720], [843, 1719], [844, 1718], [844, 1717], [845, 1716], [845, 1715], [846, 1714], [846, 1713], [848, 1711], [848, 1710], [851, 1707], [851, 1706], [852, 1705], [852, 1704], [854, 1702], [854, 1701], [855, 1700], [855, 1698], [856, 1697], [856, 1696], [857, 1695], [857, 1694], [858, 1693], [858, 1691], [859, 1690], [859, 1689], [860, 1688], [860, 1686], [861, 1685], [861, 1683], [862, 1682], [862, 1681], [863, 1680], [863, 1678], [864, 1677], [864, 1676], [865, 1675], [865, 1674], [867, 1672], [867, 1671], [869, 1669], [869, 1668], [878, 1659], [878, 1658], [880, 1656], [880, 1655], [881, 1654], [881, 1653], [882, 1652], [882, 1651], [883, 1650], [883, 1649], [884, 1648], [884, 1647], [886, 1645], [886, 1644], [887, 1643], [887, 1642], [889, 1640], [889, 1639], [892, 1636], [892, 1635], [906, 1621], [907, 1621], [910, 1618], [911, 1618], [913, 1616], [914, 1616], [916, 1614], [917, 1614], [918, 1613], [919, 1613], [920, 1612], [921, 1612], [923, 1610], [924, 1610], [926, 1608], [927, 1608], [929, 1606], [930, 1606], [932, 1604], [933, 1604], [934, 1603], [935, 1603], [936, 1602], [938, 1602], [939, 1601], [942, 1601], [943, 1600], [947, 1600], [948, 1599], [953, 1599], [954, 1598], [959, 1598], [960, 1597], [969, 1597], [970, 1596], [979, 1596], [980, 1595], [1033, 1595], [1034, 1596], [1042, 1596], [1043, 1597], [1049, 1597], [1050, 1598], [1054, 1598], [1055, 1599], [1058, 1599], [1059, 1600], [1062, 1600], [1063, 1601], [1065, 1601], [1066, 1602], [1068, 1602], [1069, 1603], [1071, 1603], [1072, 1604], [1073, 1604], [1074, 1605], [1075, 1605], [1076, 1606], [1077, 1606], [1078, 1607], [1079, 1607], [1080, 1608], [1081, 1608], [1083, 1610], [1084, 1610], [1085, 1611], [1086, 1611], [1087, 1612], [1088, 1612], [1089, 1613], [1091, 1613], [1092, 1614], [1093, 1614], [1095, 1616], [1096, 1616], [1098, 1618], [1099, 1618], [1101, 1620], [1102, 1620], [1107, 1625], [1108, 1625], [1117, 1634], [1118, 1634], [1120, 1636], [1121, 1636], [1123, 1638], [1124, 1638], [1126, 1640], [1127, 1640], [1130, 1643], [1131, 1643], [1134, 1646], [1135, 1646], [1137, 1648], [1138, 1648], [1139, 1649], [1141, 1649], [1142, 1650], [1143, 1650], [1144, 1651], [1145, 1651], [1146, 1652], [1147, 1652], [1148, 1653], [1149, 1653], [1150, 1654], [1151, 1654], [1153, 1656], [1153, 1657], [1155, 1659], [1155, 1660], [1156, 1661], [1156, 1662], [1157, 1663], [1157, 1665], [1158, 1666], [1158, 1668], [1159, 1669], [1159, 1671], [1159, 1665], [1160, 1664], [1160, 1658], [1161, 1657], [1161, 1653], [1162, 1652], [1162, 1650], [1163, 1649], [1163, 1646], [1164, 1645], [1164, 1642], [1165, 1641], [1165, 1638], [1166, 1637], [1166, 1632], [1167, 1631], [1166, 1630], [1166, 1597], [1165, 1596], [1165, 1580], [1164, 1579], [1164, 1574], [1163, 1573], [1163, 1568], [1162, 1567], [1162, 1563], [1161, 1562], [1161, 1559], [1160, 1558], [1160, 1555], [1159, 1554], [1159, 1552], [1158, 1551], [1158, 1548], [1157, 1547], [1157, 1545], [1156, 1544], [1156, 1540], [1155, 1539], [1155, 1536], [1154, 1535], [1154, 1533], [1153, 1532], [1153, 1528], [1152, 1527], [1152, 1523], [1151, 1522], [1151, 1518], [1150, 1517], [1150, 1508], [1149, 1507], [1149, 1492], [1148, 1491], [1148, 1471], [1147, 1470], [1147, 1444], [1146, 1443], [1146, 1439], [1145, 1438], [1145, 1435], [1144, 1434], [1144, 1432], [1143, 1431], [1143, 1428], [1142, 1427], [1142, 1426], [1141, 1425], [1141, 1423], [1140, 1422], [1140, 1421], [1135, 1416], [1134, 1416], [1132, 1414], [1131, 1414], [1128, 1411], [1127, 1411], [1125, 1409], [1124, 1409], [1123, 1408], [1122, 1408], [1120, 1406], [1119, 1406], [1118, 1405], [1117, 1405], [1116, 1404], [1115, 1404], [1102, 1391], [1101, 1391], [1099, 1389], [1098, 1389], [1097, 1388], [1096, 1388], [1095, 1387], [1094, 1387], [1093, 1386], [1091, 1386], [1090, 1385], [1087, 1385], [1086, 1384], [1084, 1384], [1083, 1383], [1081, 1383], [1080, 1382], [1079, 1382], [1078, 1381], [1076, 1381], [1075, 1380], [1074, 1380], [1073, 1379], [1072, 1379], [1071, 1378], [1070, 1378], [1067, 1375], [1066, 1375], [1061, 1370], [1060, 1370], [1058, 1368], [1057, 1368], [1056, 1367], [1055, 1367], [1054, 1366], [1053, 1366], [1052, 1365], [1051, 1365], [1050, 1364], [1048, 1364], [1047, 1363], [1045, 1363], [1044, 1362], [1042, 1362], [1041, 1361], [1039, 1361], [1038, 1360], [1036, 1360], [1035, 1359], [1033, 1359], [1032, 1358], [1031, 1358], [1030, 1357], [1029, 1357], [1028, 1356], [1027, 1356], [1026, 1355], [1025, 1355], [1018, 1348], [1017, 1348], [1014, 1345], [1013, 1345], [1012, 1344], [1011, 1344], [1009, 1342], [1008, 1342], [1007, 1341], [1005, 1341], [1004, 1340], [1001, 1340], [1000, 1339], [997, 1339], [996, 1338], [994, 1338], [993, 1337], [990, 1337], [989, 1336], [987, 1336], [986, 1335], [984, 1335], [983, 1334], [982, 1334], [981, 1333], [980, 1333], [978, 1331], [977, 1331], [969, 1323], [968, 1323], [966, 1321], [965, 1321], [964, 1320], [963, 1320], [962, 1319], [961, 1319], [960, 1318], [957, 1318], [956, 1317], [952, 1317], [951, 1316], [947, 1316], [946, 1315], [941, 1315], [940, 1314], [937, 1314], [936, 1313], [934, 1313], [933, 1312], [931, 1312], [930, 1311], [929, 1311], [928, 1310], [927, 1310], [926, 1309], [925, 1309], [924, 1308], [923, 1308], [921, 1306], [920, 1306], [917, 1303], [916, 1303], [915, 1302], [914, 1302], [913, 1301], [911, 1301], [910, 1300], [909, 1300], [908, 1299], [906, 1299], [905, 1298], [903, 1298], [902, 1297], [900, 1297], [899, 1296], [896, 1296], [895, 1295], [892, 1295], [891, 1294], [888, 1294], [887, 1293], [883, 1293], [882, 1292], [878, 1292], [877, 1291], [874, 1291], [873, 1290], [870, 1290], [869, 1289], [867, 1289], [866, 1288], [864, 1288], [863, 1287], [862, 1287], [861, 1286], [859, 1286], [858, 1285], [857, 1285], [856, 1284], [855, 1284], [854, 1283], [853, 1283], [851, 1281], [850, 1281], [848, 1279], [847, 1279], [846, 1278], [845, 1278], [844, 1277], [843, 1277], [842, 1276], [840, 1276], [839, 1275], [838, 1275], [837, 1274], [835, 1274], [834, 1273], [831, 1273], [830, 1272]]","[[453, 1713], [724, 1193], [1261, 1474], [990, 1993]]",0.9985588,pixels
10,MHR.6693.jpg,orifice,141.14456176757812,141.748779296875,13890.0,455.10259187221527,0.9877333333333334,0.8427397751712556,0.7990265135284835,146.00677490234375,116.66328430175781,66.03751373291016,354,1928,0.16619182062197885,0.0016271546008112415,0.00014593608798728317,3.7301315054522846e-06,1.054243480544889e-11,3.3830336282622866e-08,8.638882150462961e-11,"[[366, 1861], [365, 1862], [357, 1862], [356, 1863], [351, 1863], [350, 1864], [347, 1864], [346, 1865], [343, 1865], [342, 1866], [341, 1866], [340, 1867], [339, 1867], [338, 1868], [337, 1868], [336, 1869], [335, 1869], [334, 1870], [333, 1870], [332, 1871], [331, 1871], [330, 1872], [329, 1872], [326, 1875], [325, 1875], [319, 1881], [318, 1881], [313, 1886], [313, 1887], [310, 1890], [309, 1890], [307, 1892], [307, 1893], [304, 1896], [304, 1897], [300, 1901], [300, 1902], [298, 1904], [298, 1905], [297, 1906], [297, 1907], [296, 1908], [296, 1909], [294, 1911], [294, 1912], [293, 1913], [293, 1915], [292, 1916], [292, 1917], [291, 1918], [291, 1920], [290, 1921], [290, 1923], [289, 1924], [289, 1933], [288, 1934], [288, 1957], [289, 1958], [289, 1962], [290, 1963], [290, 1966], [291, 1967], [291, 1969], [292, 1970], [292, 1971], [293, 1972], [293, 1974], [294, 1975], [294, 1977], [295, 1978], [295, 1979], [296, 1980], [296, 1981], [298, 1983], [298, 1984], [300, 1986], [300, 1987], [306, 1993], [307, 1993], [309, 1995], [310, 1995], [311, 1996], [312, 1996], [313, 1997], [319, 1997], [320, 1998], [325, 1998], [326, 1997], [329, 1997], [330, 1996], [334, 1996], [335, 1995], [337, 1995], [338, 1994], [340, 1994], [341, 1993], [342, 1993], [343, 1992], [344, 1992], [345, 1991], [346, 1991], [347, 1990], [348, 1990], [349, 1989], [350, 1989], [353, 1986], [355, 1986], [356, 1985], [358, 1985], [359, 1984], [360, 1984], [362, 1982], [363, 1982], [364, 1981], [365, 1981], [366, 1980], [368, 1980], [369, 1979], [372, 1979], [373, 1978], [374, 1978], [375, 1977], [376, 1977], [377, 1976], [378, 1976], [379, 1975], [380, 1975], [381, 1974], [383, 1974], [384, 1973], [386, 1973], [387, 1972], [388, 1972], [389, 1971], [391, 1971], [392, 1970], [394, 1970], [395, 1969], [396, 1969], [397, 1968], [398, 1968], [400, 1966], [401, 1966], [402, 1965], [403, 1965], [404, 1964], [405, 1964], [409, 1960], [410, 1960], [411, 1959], [412, 1959], [416, 1955], [417, 1955], [423, 1949], [423, 1948], [424, 1947], [424, 1946], [425, 1945], [425, 1938], [426, 1937], [426, 1931], [425, 1930], [425, 1919], [424, 1918], [424, 1915], [423, 1914], [423, 1912], [422, 1911], [422, 1908], [421, 1907], [421, 1904], [420, 1903], [420, 1901], [418, 1899], [418, 1898], [417, 1897], [417, 1896], [416, 1895], [416, 1894], [415, 1893], [415, 1892], [414, 1891], [414, 1890], [412, 1888], [412, 1887], [410, 1885], [410, 1884], [406, 1880], [406, 1879], [400, 1873], [399, 1873], [395, 1869], [394, 1869], [393, 1868], [392, 1868], [391, 1867], [390, 1867], [389, 1866], [388, 1866], [387, 1865], [386, 1865], [385, 1864], [382, 1864], [381, 1863], [377, 1863], [376, 1862], [370, 1862], [369, 1861]]","[[260, 1901], [393, 1842], [441, 1948], [307, 2008]]",0.99967873,pixels
11,MHR.6693.jpg,orifice,131.41238403320312,125.6680908203125,11629.0,416.47517573833466,0.9885243114586875,0.8425079241662603,0.8108108590992724,132.37521362304688,107.33126068115234,63.43495178222656,224,1306,0.16504505594678914,0.0012559667783746118,0.00015131017878166166,2.8737911547612707e-06,-4.3606794888299924e-11,-8.519591595751389e-08,4.11047342197948e-11,"[[228, 1249], [227, 1250], [217, 1250], [216, 1251], [210, 1251], [209, 1252], [206, 1252], [205, 1253], [203, 1253], [201, 1255], [200, 1255], [199, 1256], [198, 1256], [197, 1257], [196, 1257], [194, 1259], [193, 1259], [188, 1264], [187, 1264], [185, 1266], [184, 1266], [183, 1267], [183, 1268], [181, 1270], [181, 1271], [179, 1273], [178, 1273], [177, 1274], [177, 1275], [173, 1279], [173, 1280], [172, 1281], [172, 1282], [169, 1285], [169, 1286], [168, 1287], [168, 1289], [167, 1290], [167, 1292], [166, 1293], [166, 1295], [165, 1296], [165, 1303], [164, 1304], [164, 1321], [165, 1322], [165, 1327], [166, 1328], [166, 1332], [167, 1333], [167, 1335], [168, 1336], [168, 1338], [169, 1339], [169, 1341], [170, 1342], [170, 1343], [172, 1345], [172, 1346], [173, 1347], [173, 1350], [174, 1351], [174, 1352], [177, 1355], [177, 1357], [178, 1358], [178, 1359], [181, 1362], [181, 1363], [183, 1365], [183, 1366], [184, 1367], [185, 1367], [188, 1370], [191, 1370], [192, 1371], [199, 1371], [200, 1370], [204, 1370], [205, 1369], [207, 1369], [208, 1368], [209, 1368], [210, 1367], [212, 1367], [213, 1366], [215, 1366], [217, 1364], [220, 1364], [221, 1363], [222, 1363], [223, 1362], [224, 1362], [225, 1361], [226, 1361], [227, 1360], [228, 1360], [230, 1358], [232, 1358], [234, 1356], [235, 1356], [236, 1355], [238, 1355], [239, 1354], [241, 1354], [242, 1353], [243, 1353], [244, 1352], [245, 1352], [246, 1351], [247, 1351], [249, 1349], [250, 1349], [251, 1348], [252, 1348], [254, 1346], [255, 1346], [256, 1345], [258, 1345], [259, 1344], [261, 1344], [262, 1343], [263, 1343], [265, 1341], [266, 1341], [268, 1339], [269, 1339], [272, 1336], [273, 1336], [274, 1335], [275, 1335], [279, 1331], [280, 1331], [281, 1330], [281, 1329], [282, 1328], [283, 1328], [289, 1322], [289, 1321], [290, 1320], [290, 1319], [291, 1318], [291, 1317], [292, 1316], [292, 1312], [293, 1311], [293, 1300], [292, 1299], [292, 1296], [291, 1295], [291, 1293], [290, 1292], [290, 1290], [289, 1289], [289, 1286], [288, 1285], [288, 1284], [287, 1283], [287, 1282], [285, 1280], [285, 1279], [284, 1278], [284, 1277], [283, 1276], [283, 1275], [280, 1272], [280, 1271], [275, 1266], [275, 1265], [273, 1263], [272, 1263], [268, 1259], [267, 1259], [264, 1256], [263, 1256], [262, 1255], [260, 1255], [259, 1254], [258, 1254], [256, 1252], [255, 1252], [254, 1251], [250, 1251], [249, 1250], [246, 1250], [245, 1249]]","[[140, 1284], [258, 1225], [306, 1321], [188, 1380]]",0.9996729,pixels
12,MHR.6693.jpg,orifice,129.4815673828125,110.6092529296875,10093.5,386.9188280105591,0.9878639588940543,0.8472506762637968,0.7616963784149746,127.73326873779297,97.2939682006836,64.53665161132812,1562,2002,0.16653169043595878,0.0019301765696332022,9.994030332476093e-05,2.4673515375578124e-06,-2.250266563295189e-11,-6.237498911381672e-08,-3.154066330881105e-11,"[[1561, 1951], [1560, 1952], [1553, 1952], [1552, 1953], [1547, 1953], [1546, 1954], [1543, 1954], [1542, 1955], [1541, 1955], [1540, 1956], [1538, 1956], [1537, 1957], [1536, 1957], [1535, 1958], [1534, 1958], [1532, 1960], [1531, 1960], [1530, 1961], [1529, 1961], [1528, 1962], [1527, 1962], [1524, 1965], [1523, 1965], [1515, 1973], [1515, 1974], [1510, 1979], [1510, 1980], [1508, 1982], [1508, 1983], [1507, 1984], [1507, 1985], [1506, 1986], [1506, 1987], [1505, 1988], [1505, 1990], [1504, 1991], [1504, 1994], [1503, 1995], [1503, 1998], [1502, 1999], [1502, 2001], [1501, 2002], [1501, 2014], [1502, 2015], [1502, 2019], [1503, 2020], [1503, 2024], [1504, 2025], [1504, 2027], [1506, 2029], [1506, 2030], [1507, 2031], [1507, 2033], [1508, 2034], [1508, 2035], [1510, 2037], [1510, 2038], [1512, 2040], [1512, 2041], [1519, 2048], [1520, 2048], [1524, 2052], [1525, 2052], [1527, 2054], [1528, 2054], [1529, 2055], [1530, 2055], [1531, 2056], [1533, 2056], [1534, 2057], [1536, 2057], [1537, 2058], [1543, 2058], [1544, 2057], [1548, 2057], [1549, 2056], [1550, 2056], [1551, 2055], [1556, 2055], [1557, 2054], [1558, 2054], [1559, 2053], [1560, 2053], [1562, 2051], [1563, 2051], [1564, 2050], [1565, 2050], [1566, 2049], [1569, 2049], [1571, 2047], [1572, 2047], [1574, 2045], [1575, 2045], [1576, 2044], [1577, 2044], [1578, 2043], [1580, 2043], [1581, 2042], [1583, 2042], [1584, 2041], [1585, 2041], [1586, 2040], [1587, 2040], [1588, 2039], [1589, 2039], [1590, 2038], [1592, 2038], [1593, 2037], [1594, 2037], [1595, 2036], [1596, 2036], [1597, 2035], [1598, 2035], [1600, 2033], [1601, 2033], [1602, 2032], [1603, 2032], [1604, 2031], [1606, 2031], [1607, 2030], [1608, 2030], [1609, 2029], [1611, 2029], [1612, 2028], [1613, 2028], [1614, 2027], [1615, 2027], [1617, 2025], [1618, 2025], [1622, 2021], [1623, 2021], [1625, 2019], [1625, 2018], [1626, 2017], [1626, 2011], [1627, 2010], [1627, 1997], [1626, 1996], [1626, 1987], [1625, 1986], [1625, 1984], [1624, 1983], [1624, 1982], [1623, 1981], [1623, 1980], [1621, 1978], [1621, 1977], [1618, 1974], [1618, 1973], [1616, 1971], [1616, 1970], [1612, 1966], [1611, 1966], [1606, 1961], [1605, 1961], [1604, 1960], [1603, 1960], [1602, 1959], [1601, 1959], [1600, 1958], [1599, 1958], [1598, 1957], [1596, 1957], [1595, 1956], [1593, 1956], [1592, 1955], [1591, 1955], [1590, 1954], [1588, 1954], [1587, 1953], [1582, 1953], [1581, 1952], [1576, 1952], [1575, 1951]]","[[1482, 1982], [1598, 1927], [1639, 2015], [1524, 2070]]",0.99943763,pixels
13,MHR.6693.jpg,orifice,140.20458984375,116.7708740234375,11823.5,422.5756810903549,0.9891658997741153,0.8320451999238624,0.7861841529316219,135.95294189453125,106.88404846191406,63.43495178222656,1474,953,0.1682802570302171,0.002015511582649913,0.00021030998242759505,4.24284138201436e-06,1.7774679964862486e-11,6.179515838710244e-08,-1.254878260625396e-10,"[[1455, 902], [1454, 903], [1446, 903], [1445, 904], [1443, 904], [1442, 905], [1441, 905], [1440, 906], [1438, 906], [1437, 907], [1436, 907], [1435, 908], [1434, 908], [1431, 911], [1430, 911], [1429, 912], [1428, 912], [1425, 915], [1424, 915], [1420, 919], [1420, 920], [1419, 921], [1419, 922], [1417, 924], [1417, 925], [1415, 927], [1415, 928], [1414, 929], [1414, 930], [1413, 931], [1413, 932], [1412, 933], [1412, 934], [1411, 935], [1411, 937], [1410, 938], [1410, 967], [1411, 968], [1411, 970], [1412, 971], [1412, 973], [1413, 974], [1413, 977], [1414, 978], [1414, 980], [1415, 981], [1415, 982], [1416, 983], [1416, 984], [1419, 987], [1419, 988], [1422, 991], [1422, 992], [1424, 994], [1424, 995], [1425, 996], [1425, 997], [1426, 997], [1428, 999], [1428, 1000], [1429, 1001], [1429, 1002], [1434, 1007], [1434, 1008], [1436, 1010], [1437, 1010], [1441, 1014], [1442, 1014], [1443, 1015], [1445, 1015], [1446, 1016], [1456, 1016], [1457, 1015], [1458, 1015], [1459, 1014], [1461, 1014], [1462, 1013], [1463, 1013], [1464, 1012], [1465, 1012], [1466, 1011], [1467, 1011], [1468, 1010], [1469, 1010], [1470, 1009], [1471, 1009], [1472, 1008], [1473, 1008], [1474, 1007], [1475, 1007], [1476, 1006], [1477, 1006], [1478, 1005], [1479, 1005], [1480, 1004], [1481, 1004], [1483, 1002], [1484, 1002], [1485, 1001], [1486, 1001], [1487, 1000], [1488, 1000], [1491, 997], [1492, 997], [1494, 995], [1495, 995], [1496, 994], [1498, 994], [1499, 993], [1500, 993], [1501, 992], [1503, 992], [1504, 991], [1505, 991], [1506, 990], [1507, 990], [1508, 989], [1509, 989], [1510, 988], [1511, 988], [1512, 987], [1513, 987], [1514, 986], [1515, 986], [1516, 985], [1518, 985], [1521, 982], [1523, 982], [1524, 981], [1525, 981], [1526, 980], [1527, 980], [1528, 979], [1529, 979], [1530, 978], [1531, 978], [1533, 976], [1534, 976], [1537, 973], [1538, 973], [1539, 972], [1540, 972], [1545, 967], [1545, 966], [1546, 965], [1546, 964], [1547, 963], [1547, 959], [1548, 958], [1547, 957], [1547, 948], [1546, 947], [1546, 943], [1545, 942], [1545, 940], [1544, 939], [1544, 938], [1543, 937], [1543, 935], [1542, 934], [1542, 933], [1541, 932], [1541, 930], [1540, 929], [1540, 928], [1538, 926], [1538, 924], [1537, 923], [1537, 922], [1536, 921], [1536, 920], [1532, 916], [1532, 915], [1528, 911], [1527, 911], [1524, 908], [1523, 908], [1521, 906], [1520, 906], [1519, 905], [1518, 905], [1517, 904], [1516, 904], [1515, 903], [1508, 903], [1507, 902]]","[[1389, 930], [1510, 869], [1558, 965], [1437, 1026]]",0.99907035,pixels
14,MHR.6693.jpg,orifice,144.3829345703125,129.149169921875,14176.0,451.6467492580414,0.9911900433505804,0.873304687185909,0.8629213340599767,140.72134399414062,121.43144989013672,71.56504821777344,1798,1500,0.161788493263455,0.0005030827066412368,3.965445123174858e-05,3.620464345985808e-07,-1.1865030665489023e-12,-4.632022647870353e-09,-6.885197582039011e-13,"[[1791, 1439], [1790, 1440], [1784, 1440], [1783, 1441], [1781, 1441], [1780, 1442], [1777, 1442], [1776, 1443], [1773, 1443], [1772, 1444], [1770, 1444], [1769, 1445], [1767, 1445], [1766, 1446], [1765, 1446], [1764, 1447], [1762, 1447], [1761, 1448], [1760, 1448], [1759, 1449], [1758, 1449], [1756, 1451], [1755, 1451], [1754, 1452], [1752, 1452], [1751, 1453], [1750, 1453], [1739, 1464], [1739, 1465], [1737, 1467], [1737, 1468], [1735, 1470], [1735, 1471], [1734, 1472], [1734, 1474], [1733, 1475], [1733, 1477], [1732, 1478], [1732, 1480], [1731, 1481], [1731, 1484], [1730, 1485], [1730, 1510], [1731, 1511], [1731, 1514], [1732, 1515], [1732, 1519], [1733, 1520], [1733, 1522], [1734, 1523], [1734, 1525], [1735, 1526], [1735, 1527], [1736, 1528], [1736, 1529], [1738, 1531], [1738, 1532], [1739, 1533], [1739, 1535], [1741, 1537], [1741, 1538], [1742, 1539], [1742, 1540], [1743, 1541], [1743, 1542], [1745, 1544], [1745, 1545], [1747, 1547], [1747, 1548], [1748, 1549], [1748, 1550], [1752, 1554], [1752, 1555], [1753, 1556], [1753, 1557], [1755, 1559], [1755, 1560], [1756, 1561], [1757, 1561], [1758, 1562], [1759, 1562], [1761, 1564], [1764, 1564], [1765, 1565], [1771, 1565], [1772, 1566], [1773, 1566], [1774, 1565], [1788, 1565], [1789, 1564], [1792, 1564], [1793, 1563], [1795, 1563], [1796, 1562], [1798, 1562], [1799, 1561], [1802, 1561], [1803, 1560], [1805, 1560], [1806, 1559], [1808, 1559], [1809, 1558], [1812, 1558], [1813, 1557], [1815, 1557], [1816, 1556], [1818, 1556], [1819, 1555], [1821, 1555], [1822, 1554], [1823, 1554], [1824, 1553], [1825, 1553], [1827, 1551], [1828, 1551], [1829, 1550], [1832, 1550], [1833, 1549], [1835, 1549], [1836, 1548], [1838, 1548], [1839, 1547], [1842, 1547], [1843, 1546], [1844, 1546], [1845, 1545], [1846, 1545], [1847, 1544], [1848, 1544], [1850, 1542], [1851, 1542], [1853, 1540], [1854, 1540], [1855, 1539], [1856, 1539], [1860, 1535], [1861, 1535], [1869, 1527], [1869, 1525], [1870, 1524], [1870, 1520], [1871, 1519], [1871, 1496], [1870, 1495], [1870, 1489], [1869, 1488], [1869, 1485], [1868, 1484], [1868, 1483], [1867, 1482], [1867, 1479], [1866, 1478], [1866, 1477], [1863, 1474], [1863, 1473], [1862, 1472], [1862, 1471], [1860, 1469], [1860, 1468], [1856, 1464], [1856, 1463], [1851, 1458], [1851, 1457], [1843, 1449], [1842, 1449], [1840, 1447], [1839, 1447], [1836, 1444], [1835, 1444], [1834, 1443], [1833, 1443], [1832, 1442], [1831, 1442], [1830, 1441], [1829, 1441], [1828, 1440], [1826, 1440], [1825, 1439]]","[[1713, 1462], [1846, 1418], [1885, 1533], [1751, 1578]]",0.9990109,pixels
15,MHR.6693.jpg,orifice,128.92245483398438,127.6416015625,10872.5,401.0020890235901,0.98899349615682,0.8496616375546309,0.7764704988474469,130.5377197265625,101.35868835449219,47.48955154418945,402,866,0.16648279969553756,0.0016884215900272097,0.0001590105199964109,3.2827391978426903e-06,-6.831550397729868e-11,-1.1182877182843196e-07,-3.095405433406593e-11,"[[407, 810], [406, 811], [403, 811], [402, 812], [397, 812], [396, 813], [394, 813], [393, 814], [391, 814], [390, 815], [389, 815], [388, 816], [387, 816], [386, 817], [384, 817], [383, 818], [382, 818], [380, 820], [379, 820], [378, 821], [377, 821], [376, 822], [374, 822], [371, 825], [370, 825], [369, 826], [368, 826], [367, 827], [366, 827], [365, 828], [364, 828], [354, 838], [354, 839], [351, 842], [351, 844], [350, 845], [350, 846], [349, 847], [349, 848], [348, 849], [348, 851], [346, 853], [346, 855], [345, 856], [345, 858], [344, 859], [344, 862], [343, 863], [343, 866], [342, 867], [342, 872], [343, 873], [343, 875], [342, 876], [342, 878], [343, 879], [343, 881], [344, 882], [344, 886], [345, 887], [345, 890], [346, 891], [346, 893], [347, 894], [347, 895], [348, 896], [348, 897], [349, 898], [349, 899], [350, 900], [350, 901], [351, 902], [351, 903], [353, 905], [353, 906], [355, 908], [355, 909], [358, 912], [358, 913], [365, 920], [366, 920], [368, 922], [369, 922], [373, 926], [374, 926], [377, 929], [378, 929], [379, 930], [380, 930], [381, 931], [382, 931], [383, 932], [384, 932], [385, 933], [395, 933], [396, 932], [397, 932], [398, 931], [399, 931], [400, 930], [401, 930], [403, 928], [404, 928], [405, 927], [406, 927], [409, 924], [409, 923], [410, 922], [411, 922], [417, 916], [417, 915], [421, 911], [422, 911], [426, 907], [427, 907], [435, 899], [436, 899], [441, 894], [442, 894], [456, 880], [456, 879], [459, 876], [460, 876], [464, 872], [464, 871], [466, 869], [466, 868], [467, 867], [467, 866], [468, 865], [468, 847], [467, 846], [467, 844], [466, 843], [466, 842], [465, 841], [465, 840], [464, 839], [464, 838], [463, 837], [463, 836], [461, 834], [461, 833], [459, 831], [459, 830], [450, 821], [449, 821], [448, 820], [447, 820], [445, 818], [444, 818], [443, 817], [442, 817], [441, 816], [439, 816], [438, 815], [436, 815], [435, 814], [434, 814], [433, 813], [431, 813], [430, 812], [425, 812], [424, 811], [419, 811], [418, 810]]","[[318, 869], [414, 781], [483, 856], [386, 944]]",0.99893755,pixels
16,MHR.6693.jpg,orifice,137.430908203125,132.77685546875,12108.5,429.83051466941833,0.9823942233580788,0.8235798689771356,0.7802293584605982,140.53135681152344,109.64669036865234,60.2551155090332,1083,1858,0.16968887311800754,0.0024602713979105096,0.00022077781130011646,4.848751484014748e-06,1.4607519267206175e-10,2.280902336779584e-07,6.188566039177971e-11,"[[1087, 1794], [1086, 1795], [1077, 1795], [1076, 1796], [1074, 1796], [1073, 1797], [1071, 1797], [1070, 1798], [1069, 1798], [1068, 1799], [1067, 1799], [1060, 1806], [1059, 1806], [1056, 1809], [1056, 1810], [1054, 1812], [1054, 1813], [1051, 1816], [1051, 1817], [1050, 1818], [1050, 1819], [1049, 1820], [1049, 1822], [1048, 1823], [1048, 1824], [1046, 1826], [1046, 1827], [1044, 1829], [1044, 1830], [1043, 1831], [1043, 1832], [1041, 1834], [1041, 1835], [1040, 1836], [1040, 1837], [1039, 1838], [1039, 1839], [1036, 1842], [1036, 1843], [1031, 1848], [1031, 1849], [1026, 1854], [1026, 1855], [1024, 1857], [1024, 1858], [1021, 1861], [1021, 1862], [1020, 1863], [1020, 1865], [1019, 1866], [1019, 1867], [1018, 1868], [1018, 1869], [1017, 1870], [1017, 1879], [1016, 1880], [1016, 1881], [1017, 1882], [1017, 1891], [1018, 1892], [1018, 1894], [1020, 1896], [1020, 1897], [1023, 1900], [1024, 1900], [1026, 1902], [1027, 1902], [1029, 1904], [1029, 1905], [1031, 1907], [1031, 1908], [1036, 1913], [1036, 1914], [1038, 1916], [1038, 1917], [1039, 1918], [1039, 1919], [1043, 1923], [1044, 1923], [1045, 1924], [1062, 1924], [1063, 1923], [1065, 1923], [1066, 1922], [1067, 1922], [1068, 1921], [1070, 1921], [1071, 1920], [1073, 1920], [1074, 1919], [1075, 1919], [1076, 1918], [1077, 1918], [1079, 1916], [1081, 1916], [1082, 1915], [1083, 1915], [1085, 1913], [1086, 1913], [1087, 1912], [1088, 1912], [1089, 1911], [1091, 1911], [1092, 1910], [1093, 1910], [1095, 1908], [1096, 1908], [1097, 1907], [1098, 1907], [1100, 1905], [1101, 1905], [1104, 1902], [1105, 1902], [1106, 1901], [1107, 1901], [1110, 1898], [1112, 1898], [1113, 1897], [1115, 1897], [1116, 1896], [1118, 1896], [1120, 1894], [1121, 1894], [1122, 1893], [1123, 1893], [1124, 1892], [1125, 1892], [1126, 1891], [1127, 1891], [1130, 1888], [1132, 1888], [1133, 1887], [1134, 1887], [1136, 1885], [1137, 1885], [1140, 1882], [1141, 1882], [1148, 1875], [1148, 1874], [1151, 1871], [1151, 1850], [1150, 1849], [1150, 1847], [1149, 1846], [1149, 1845], [1148, 1844], [1148, 1842], [1147, 1841], [1147, 1838], [1146, 1837], [1146, 1835], [1145, 1834], [1145, 1833], [1143, 1831], [1143, 1830], [1142, 1829], [1142, 1828], [1141, 1827], [1141, 1826], [1138, 1823], [1138, 1822], [1136, 1820], [1136, 1819], [1133, 1816], [1133, 1815], [1128, 1810], [1128, 1809], [1117, 1798], [1116, 1798], [1115, 1797], [1113, 1797], [1112, 1796], [1110, 1796], [1109, 1795], [1104, 1795], [1103, 1794]]","[[989, 1843], [1111, 1773], [1165, 1868], [1043, 1938]]",0.99892104,pixels
17,MHR.6693.jpg,orifice,126.0064697265625,104.91848754882812,9719.0,378.53405129909515,0.987101360958765,0.8523570162261108,0.8259740494125974,121.7476806640625,100.5604248046875,71.56504821777344,1726,541,0.16404787178454489,0.0012086201814615913,7.087101003146412e-05,1.0949101719601534e-06,3.901814810960424e-12,2.259492849645839e-08,-8.8205321191983e-12,"[[1724, 492], [1723, 493], [1711, 493], [1710, 494], [1704, 494], [1703, 495], [1698, 495], [1697, 496], [1695, 496], [1693, 498], [1692, 498], [1690, 500], [1689, 500], [1688, 501], [1687, 501], [1686, 502], [1685, 502], [1679, 508], [1679, 509], [1677, 511], [1677, 512], [1675, 514], [1675, 515], [1674, 516], [1674, 517], [1673, 518], [1673, 519], [1671, 521], [1671, 522], [1670, 523], [1670, 526], [1669, 527], [1669, 529], [1668, 530], [1668, 534], [1667, 535], [1667, 539], [1666, 540], [1666, 548], [1667, 549], [1667, 552], [1668, 553], [1668, 556], [1669, 557], [1669, 561], [1670, 562], [1670, 563], [1674, 567], [1674, 568], [1677, 571], [1677, 572], [1679, 574], [1679, 575], [1680, 576], [1681, 576], [1682, 577], [1682, 578], [1690, 586], [1690, 587], [1691, 588], [1691, 589], [1694, 592], [1695, 592], [1696, 593], [1697, 593], [1698, 594], [1715, 594], [1716, 593], [1720, 593], [1721, 592], [1725, 592], [1726, 591], [1728, 591], [1729, 590], [1731, 590], [1732, 589], [1734, 589], [1735, 588], [1736, 588], [1737, 587], [1739, 587], [1740, 586], [1742, 586], [1743, 585], [1745, 585], [1746, 584], [1747, 584], [1748, 583], [1749, 583], [1750, 582], [1751, 582], [1752, 581], [1755, 581], [1756, 580], [1758, 580], [1759, 579], [1761, 579], [1762, 578], [1765, 578], [1766, 577], [1767, 577], [1769, 575], [1770, 575], [1771, 574], [1772, 574], [1773, 573], [1774, 573], [1775, 572], [1777, 572], [1778, 571], [1779, 571], [1782, 568], [1782, 567], [1783, 566], [1784, 566], [1785, 565], [1785, 564], [1786, 563], [1786, 562], [1787, 561], [1787, 560], [1788, 559], [1788, 558], [1789, 557], [1789, 537], [1788, 536], [1788, 533], [1787, 532], [1787, 530], [1786, 529], [1786, 527], [1785, 526], [1785, 524], [1783, 522], [1783, 521], [1781, 519], [1781, 518], [1779, 516], [1779, 515], [1776, 512], [1776, 511], [1775, 511], [1768, 504], [1767, 504], [1766, 503], [1765, 503], [1764, 502], [1763, 502], [1761, 500], [1760, 500], [1759, 499], [1757, 499], [1756, 498], [1753, 498], [1752, 497], [1750, 497], [1749, 496], [1746, 496], [1745, 495], [1741, 495], [1740, 494], [1733, 494], [1732, 493], [1727, 493], [1726, 492]]","[[1652, 510], [1767, 471], [1799, 567], [1683, 605]]",0.9985468,pixels
18,MHR.6693.jpg,orifice,127.8363037109375,103.06787109375,9619.5,377.46298372745514,0.9864636209813875,0.8484253297484009,0.7732997591323538,125.54241180419922,97.08191680908203,71.56504821777344,1314,1400,0.16674369539754952,0.0020853369618165285,0.00010545694183490975,2.2705162645150263e-06,2.5381406511299004e-11,7.600213055932652e-08,-2.4293304118035967e-11,"[[1308, 1353], [1307, 1354], [1296, 1354], [1295, 1355], [1290, 1355], [1289, 1356], [1287, 1356], [1286, 1357], [1284, 1357], [1283, 1358], [1282, 1358], [1281, 1359], [1279, 1359], [1277, 1361], [1276, 1361], [1275, 1362], [1274, 1362], [1271, 1365], [1271, 1366], [1266, 1371], [1265, 1371], [1264, 1372], [1264, 1373], [1263, 1374], [1263, 1375], [1262, 1376], [1262, 1377], [1259, 1380], [1259, 1381], [1258, 1382], [1258, 1383], [1257, 1384], [1257, 1388], [1256, 1389], [1256, 1396], [1255, 1397], [1255, 1410], [1256, 1411], [1256, 1415], [1257, 1416], [1257, 1418], [1258, 1419], [1258, 1422], [1259, 1423], [1259, 1425], [1260, 1426], [1260, 1427], [1261, 1428], [1261, 1429], [1264, 1432], [1264, 1433], [1267, 1436], [1267, 1437], [1268, 1438], [1268, 1439], [1275, 1446], [1276, 1446], [1278, 1448], [1280, 1448], [1281, 1449], [1282, 1449], [1283, 1450], [1286, 1450], [1287, 1451], [1307, 1451], [1308, 1450], [1311, 1450], [1312, 1449], [1315, 1449], [1316, 1448], [1318, 1448], [1319, 1447], [1321, 1447], [1322, 1446], [1324, 1446], [1325, 1445], [1327, 1445], [1328, 1444], [1329, 1444], [1330, 1443], [1331, 1443], [1332, 1442], [1335, 1442], [1336, 1441], [1338, 1441], [1341, 1438], [1341, 1436], [1342, 1435], [1345, 1435], [1346, 1434], [1348, 1434], [1350, 1432], [1351, 1432], [1352, 1431], [1353, 1431], [1354, 1430], [1356, 1430], [1359, 1427], [1360, 1427], [1361, 1426], [1362, 1426], [1363, 1425], [1364, 1425], [1365, 1424], [1366, 1424], [1367, 1423], [1368, 1423], [1373, 1418], [1373, 1417], [1376, 1414], [1376, 1413], [1377, 1412], [1377, 1411], [1378, 1410], [1378, 1409], [1379, 1408], [1379, 1405], [1380, 1404], [1380, 1393], [1379, 1392], [1379, 1388], [1378, 1387], [1378, 1386], [1377, 1385], [1377, 1383], [1376, 1382], [1376, 1380], [1375, 1379], [1375, 1377], [1374, 1376], [1373, 1376], [1372, 1375], [1372, 1374], [1370, 1372], [1370, 1371], [1366, 1367], [1365, 1367], [1361, 1363], [1360, 1363], [1359, 1362], [1358, 1362], [1357, 1361], [1356, 1361], [1355, 1360], [1354, 1360], [1352, 1358], [1349, 1358], [1348, 1357], [1346, 1357], [1345, 1356], [1344, 1356], [1343, 1355], [1338, 1355], [1337, 1354], [1326, 1354], [1325, 1353]]","[[1241, 1371], [1360, 1331], [1390, 1423], [1271, 1463]]",0.998505,pixels
19,MHR.6693.jpg,orifice,119.252197265625,110.272705078125,8977.5,368.09040009975433,0.9876237623762376,0.832638130954267,0.6456363756956545,131.3625946044922,84.81246948242188,49.84400177001953,838,2273,0.1753538690423435,0.00480369229120875,0.00017328495892445615,5.758781385975492e-06,-1.817345797634438e-10,-3.983594955903897e-07,-8.17314018063077e-12,"[[841, 2223], [840, 2224], [833, 2224], [832, 2225], [831, 2225], [830, 2226], [829, 2226], [828, 2227], [826, 2227], [825, 2228], [824, 2228], [823, 2229], [822, 2229], [820, 2231], [819, 2231], [813, 2237], [812, 2237], [810, 2239], [809, 2239], [808, 2240], [808, 2241], [807, 2242], [806, 2242], [802, 2246], [801, 2246], [800, 2247], [800, 2248], [798, 2250], [798, 2251], [795, 2254], [794, 2254], [793, 2255], [792, 2255], [791, 2256], [791, 2257], [790, 2258], [790, 2259], [789, 2260], [789, 2262], [788, 2263], [788, 2265], [787, 2266], [787, 2269], [786, 2270], [786, 2274], [785, 2275], [785, 2307], [786, 2308], [786, 2310], [787, 2311], [787, 2312], [788, 2313], [788, 2315], [789, 2316], [789, 2317], [791, 2319], [791, 2320], [796, 2325], [797, 2325], [799, 2327], [800, 2327], [801, 2328], [803, 2328], [804, 2329], [805, 2329], [806, 2330], [808, 2330], [809, 2331], [825, 2331], [826, 2330], [828, 2330], [829, 2329], [830, 2329], [831, 2328], [832, 2328], [833, 2327], [834, 2327], [835, 2326], [836, 2326], [839, 2323], [840, 2323], [845, 2318], [846, 2318], [850, 2314], [851, 2314], [853, 2312], [854, 2312], [857, 2309], [857, 2308], [863, 2302], [864, 2302], [868, 2298], [869, 2298], [871, 2296], [872, 2296], [875, 2293], [876, 2293], [880, 2289], [881, 2289], [885, 2285], [886, 2285], [892, 2279], [892, 2278], [895, 2275], [895, 2274], [897, 2272], [897, 2270], [898, 2269], [898, 2267], [899, 2266], [899, 2265], [900, 2264], [900, 2252], [899, 2251], [899, 2248], [898, 2247], [898, 2246], [897, 2245], [897, 2244], [895, 2242], [895, 2241], [894, 2240], [894, 2239], [892, 2237], [892, 2236], [883, 2227], [882, 2227], [881, 2226], [879, 2226], [877, 2224], [874, 2224], [873, 2223]]","[[758, 2281], [858, 2196], [913, 2261], [813, 2346]]",0.9984469,pixels
20,MHR.6693.jpg,orifice,140.89788818359375,134.92974853515625,13258.5,439.14422369003296,0.9892188316048646,0.8639525837175887,0.8655803983160741,136.1789093017578,117.87379455566406,56.30992889404297,928,923,0.1627313431114177,0.0004916721855924679,0.0001355623282291672,1.6370561733603495e-06,-2.3243050881596775e-11,-3.4971369025248515e-08,-7.382693850958103e-12,"[[919, 860], [918, 861], [911, 861], [910, 862], [909, 862], [908, 863], [907, 863], [906, 864], [905, 864], [904, 865], [903, 865], [902, 866], [901, 866], [899, 868], [898, 868], [896, 870], [895, 870], [891, 874], [890, 874], [883, 881], [883, 882], [882, 883], [882, 884], [880, 886], [880, 887], [876, 891], [876, 892], [873, 895], [873, 896], [868, 901], [868, 902], [867, 903], [867, 905], [866, 906], [866, 908], [865, 909], [865, 911], [864, 912], [864, 918], [863, 919], [863, 935], [864, 936], [864, 940], [865, 941], [865, 942], [866, 943], [866, 946], [867, 947], [867, 949], [868, 950], [868, 952], [869, 953], [869, 954], [870, 955], [870, 956], [872, 958], [872, 960], [873, 961], [873, 962], [877, 966], [877, 967], [878, 968], [878, 969], [879, 970], [880, 970], [881, 971], [881, 972], [883, 974], [883, 975], [897, 989], [898, 989], [899, 990], [900, 990], [902, 992], [903, 992], [904, 993], [917, 993], [918, 992], [921, 992], [923, 990], [924, 990], [925, 989], [926, 989], [927, 988], [928, 988], [929, 987], [930, 987], [931, 986], [932, 986], [933, 985], [934, 985], [935, 984], [936, 984], [940, 980], [941, 980], [942, 979], [943, 979], [946, 976], [947, 976], [949, 974], [950, 974], [951, 973], [952, 973], [955, 970], [956, 970], [960, 966], [962, 966], [963, 965], [965, 965], [968, 962], [969, 962], [970, 961], [971, 961], [973, 959], [974, 959], [976, 957], [977, 957], [979, 955], [980, 955], [984, 951], [985, 951], [991, 945], [992, 945], [999, 938], [999, 937], [1001, 935], [1001, 931], [1002, 930], [1002, 919], [1001, 918], [1001, 914], [1000, 913], [1000, 912], [999, 911], [999, 910], [998, 909], [998, 906], [997, 905], [997, 903], [996, 902], [996, 901], [994, 899], [994, 898], [992, 896], [992, 895], [989, 892], [989, 891], [983, 885], [983, 884], [979, 880], [978, 880], [977, 879], [976, 879], [975, 878], [974, 878], [970, 874], [969, 874], [968, 873], [967, 873], [966, 872], [965, 872], [963, 870], [962, 870], [961, 869], [960, 869], [959, 868], [958, 868], [955, 865], [954, 865], [953, 864], [952, 864], [950, 862], [948, 862], [947, 861], [939, 861], [938, 860]]","[[837, 908], [950, 832], [1015, 930], [902, 1006]]",0.998317,pixels
21,MHR.6693.jpg,orifice,141.1412353515625,140.7431640625,13177.0,440.5584353208542,0.9893014002027103,0.8531381598660948,0.8440428549462644,135.755859375,114.5837631225586,54.865806579589844,1354,2451,0.16336147974963755,0.0007950325624665029,6.160432589650542e-05,1.3604318911490747e-06,-9.35498672391294e-12,-3.137126952527415e-08,8.221610236064263e-12,"[[1354, 2388], [1353, 2389], [1347, 2389], [1346, 2390], [1345, 2390], [1344, 2391], [1342, 2391], [1341, 2392], [1338, 2392], [1337, 2393], [1336, 2393], [1335, 2394], [1334, 2394], [1333, 2395], [1332, 2395], [1330, 2397], [1329, 2397], [1328, 2398], [1327, 2398], [1326, 2399], [1325, 2399], [1324, 2400], [1323, 2400], [1319, 2404], [1318, 2404], [1313, 2409], [1312, 2409], [1312, 2410], [1305, 2417], [1305, 2418], [1303, 2420], [1303, 2421], [1300, 2424], [1299, 2424], [1295, 2428], [1295, 2429], [1293, 2431], [1293, 2432], [1292, 2433], [1292, 2434], [1291, 2435], [1291, 2437], [1290, 2438], [1290, 2440], [1289, 2441], [1289, 2443], [1288, 2444], [1288, 2448], [1289, 2449], [1288, 2450], [1288, 2457], [1289, 2458], [1289, 2463], [1290, 2464], [1290, 2470], [1291, 2471], [1291, 2473], [1292, 2474], [1292, 2476], [1293, 2477], [1293, 2479], [1294, 2480], [1294, 2481], [1295, 2482], [1295, 2483], [1296, 2484], [1296, 2485], [1298, 2487], [1298, 2488], [1299, 2489], [1299, 2490], [1300, 2491], [1300, 2492], [1301, 2493], [1301, 2494], [1304, 2497], [1304, 2498], [1310, 2504], [1310, 2505], [1311, 2506], [1311, 2507], [1314, 2510], [1314, 2511], [1320, 2517], [1320, 2518], [1323, 2521], [1325, 2521], [1326, 2522], [1327, 2522], [1328, 2523], [1339, 2523], [1340, 2522], [1342, 2522], [1343, 2521], [1345, 2521], [1346, 2520], [1347, 2520], [1348, 2519], [1349, 2519], [1351, 2517], [1352, 2517], [1353, 2516], [1354, 2516], [1357, 2513], [1358, 2513], [1359, 2512], [1360, 2512], [1361, 2511], [1362, 2511], [1364, 2509], [1365, 2509], [1366, 2508], [1367, 2508], [1369, 2506], [1370, 2506], [1373, 2503], [1374, 2503], [1375, 2502], [1377, 2502], [1379, 2500], [1380, 2500], [1387, 2493], [1388, 2493], [1389, 2492], [1390, 2492], [1393, 2489], [1394, 2489], [1395, 2488], [1396, 2488], [1397, 2487], [1398, 2487], [1400, 2485], [1401, 2485], [1404, 2482], [1405, 2482], [1406, 2481], [1407, 2481], [1413, 2475], [1414, 2475], [1420, 2469], [1420, 2468], [1423, 2465], [1423, 2464], [1424, 2463], [1424, 2461], [1425, 2460], [1425, 2447], [1424, 2446], [1424, 2443], [1423, 2442], [1423, 2440], [1422, 2439], [1422, 2438], [1421, 2437], [1421, 2434], [1420, 2433], [1420, 2431], [1419, 2430], [1419, 2429], [1417, 2427], [1417, 2426], [1416, 2425], [1416, 2424], [1415, 2423], [1415, 2422], [1414, 2421], [1414, 2420], [1412, 2418], [1412, 2417], [1411, 2416], [1411, 2415], [1410, 2414], [1410, 2413], [1404, 2407], [1404, 2406], [1403, 2406], [1402, 2405], [1402, 2404], [1391, 2393], [1390, 2393], [1389, 2392], [1388, 2392], [1387, 2391], [1386, 2391], [1385, 2390], [1384, 2390], [1383, 2389], [1380, 2389], [1379, 2388]]","[[1264, 2441], [1375, 2363], [1441, 2457], [1329, 2535]]",0.99760866,pixels
22,MHR.6693.jpg,orifice,136.97149658203125,115.54461669921875,11081.5,411.40410935878754,0.9809241391519873,0.8227562007221687,0.7442730518443247,133.4929656982422,99.35521697998047,67.80970764160156,631,440,0.1691479819132605,0.002504194442375274,0.00012082413309398411,4.381021374914609e-06,-7.5000376235667e-11,-1.5205132787832378e-07,-6.733957453739489e-11,"[[637, 387], [636, 388], [632, 388], [631, 389], [625, 389], [624, 390], [619, 390], [618, 391], [615, 391], [614, 392], [613, 392], [612, 393], [610, 393], [609, 394], [606, 394], [605, 395], [603, 395], [601, 397], [600, 397], [599, 398], [598, 398], [597, 399], [595, 399], [593, 401], [592, 401], [591, 402], [590, 402], [586, 406], [585, 406], [581, 410], [581, 411], [576, 416], [576, 417], [575, 418], [575, 419], [573, 421], [573, 422], [572, 423], [572, 424], [571, 425], [571, 426], [570, 427], [570, 429], [569, 430], [569, 431], [568, 432], [568, 439], [567, 440], [567, 450], [568, 451], [568, 457], [569, 458], [569, 459], [570, 460], [570, 462], [571, 463], [571, 465], [572, 466], [572, 468], [573, 469], [573, 470], [574, 471], [574, 472], [575, 473], [575, 474], [578, 477], [578, 478], [580, 480], [580, 481], [585, 486], [585, 487], [589, 491], [589, 492], [594, 497], [595, 497], [596, 498], [597, 498], [598, 499], [610, 499], [611, 498], [613, 498], [614, 497], [616, 497], [617, 496], [618, 496], [619, 495], [620, 495], [622, 493], [623, 493], [624, 492], [625, 492], [627, 490], [628, 490], [629, 489], [631, 489], [632, 488], [634, 488], [635, 487], [636, 487], [637, 486], [638, 486], [639, 485], [641, 485], [642, 484], [643, 484], [644, 483], [645, 483], [646, 482], [647, 482], [648, 481], [650, 481], [651, 480], [656, 480], [657, 479], [658, 479], [660, 477], [662, 477], [663, 476], [665, 476], [666, 475], [667, 475], [669, 473], [671, 473], [672, 472], [673, 472], [674, 471], [676, 471], [677, 470], [678, 470], [679, 469], [680, 469], [681, 468], [687, 468], [688, 467], [689, 467], [690, 466], [692, 466], [694, 464], [695, 464], [696, 463], [696, 462], [700, 458], [700, 456], [701, 455], [701, 451], [702, 450], [702, 437], [701, 436], [701, 433], [700, 432], [700, 431], [699, 430], [699, 429], [698, 428], [698, 424], [697, 423], [697, 421], [696, 420], [696, 419], [694, 417], [694, 416], [693, 415], [693, 414], [692, 413], [692, 412], [691, 411], [691, 410], [688, 407], [688, 406], [681, 399], [680, 399], [678, 397], [677, 397], [676, 396], [675, 396], [673, 394], [672, 394], [671, 393], [669, 393], [668, 392], [667, 392], [666, 391], [665, 391], [664, 390], [662, 390], [661, 389], [658, 389], [657, 388], [654, 388], [653, 387]]","[[550, 416], [674, 365], [712, 457], [588, 508]]",0.9973259,pixels
23,MHR.6693.jpg,orifice,123.71484375,138.239013671875,11453.0,415.93101978302,0.9811110635199384,0.8319294586778496,0.7643201022607808,136.53721618652344,104.35813903808594,43.09084701538086,731,1380,0.16863906414043134,0.001909096454604155,0.00031375580142994734,9.120442583884962e-06,-1.2716652623314707e-10,-1.5188118593693482e-07,4.710233059313076e-10,"[[730, 1320], [729, 1321], [724, 1321], [723, 1322], [721, 1322], [720, 1323], [717, 1323], [716, 1324], [714, 1324], [713, 1325], [711, 1325], [709, 1327], [708, 1327], [706, 1329], [705, 1329], [704, 1330], [703, 1330], [700, 1333], [699, 1333], [692, 1340], [692, 1341], [686, 1347], [686, 1348], [685, 1349], [685, 1350], [684, 1351], [684, 1353], [682, 1355], [682, 1356], [680, 1358], [680, 1359], [679, 1360], [679, 1361], [678, 1362], [678, 1365], [677, 1366], [677, 1411], [678, 1412], [678, 1416], [680, 1418], [680, 1419], [681, 1420], [681, 1421], [685, 1425], [685, 1426], [686, 1427], [686, 1428], [688, 1430], [689, 1430], [695, 1436], [695, 1437], [696, 1438], [696, 1439], [697, 1440], [697, 1441], [701, 1445], [701, 1446], [702, 1447], [703, 1447], [706, 1450], [707, 1450], [708, 1451], [709, 1451], [710, 1452], [711, 1452], [712, 1453], [714, 1453], [715, 1454], [716, 1454], [717, 1455], [722, 1455], [723, 1454], [726, 1454], [727, 1453], [728, 1453], [730, 1451], [731, 1451], [732, 1450], [732, 1449], [734, 1447], [734, 1446], [737, 1443], [737, 1442], [740, 1439], [740, 1438], [742, 1436], [742, 1435], [746, 1431], [746, 1430], [749, 1427], [750, 1427], [751, 1426], [751, 1425], [753, 1423], [754, 1423], [756, 1421], [756, 1420], [757, 1419], [758, 1419], [761, 1416], [762, 1416], [787, 1391], [787, 1390], [789, 1388], [790, 1388], [790, 1387], [793, 1384], [793, 1383], [795, 1381], [795, 1380], [796, 1379], [796, 1378], [797, 1377], [797, 1374], [798, 1373], [798, 1366], [797, 1365], [797, 1360], [796, 1359], [796, 1357], [795, 1356], [795, 1354], [794, 1353], [794, 1352], [793, 1351], [793, 1350], [792, 1349], [792, 1348], [790, 1346], [790, 1345], [788, 1343], [788, 1342], [780, 1334], [780, 1333], [779, 1333], [776, 1330], [775, 1330], [774, 1329], [773, 1329], [772, 1328], [771, 1328], [770, 1327], [769, 1327], [768, 1326], [767, 1326], [766, 1325], [764, 1325], [763, 1324], [759, 1324], [758, 1323], [756, 1323], [755, 1322], [753, 1322], [752, 1321], [748, 1321], [747, 1320]]","[[643, 1392], [736, 1292], [812, 1363], [719, 1463]]",0.9911479,pixels
24,MHR.6693.jpg,orifice,134.2177734375,96.01041412353516,9733.5,383.66399478912354,0.9859704213938412,0.8309536662986162,0.6873248501838346,131.2440185546875,90.207275390625,77.24246978759766,1406,54,0.17206999062413442,0.0037498042994015346,9.55245515498662e-05,3.497634389767543e-06,-5.745880855771189e-11,-2.042310505704532e-07,-2.8032151884539872e-11,"[[1402, 7], [1401, 8], [1397, 8], [1396, 9], [1392, 9], [1391, 10], [1389, 10], [1388, 11], [1386, 11], [1385, 12], [1383, 12], [1382, 13], [1381, 13], [1380, 14], [1379, 14], [1378, 15], [1374, 15], [1373, 16], [1372, 16], [1369, 19], [1368, 19], [1367, 20], [1366, 20], [1365, 21], [1364, 21], [1362, 23], [1361, 23], [1357, 27], [1356, 27], [1352, 31], [1352, 32], [1351, 33], [1351, 34], [1350, 35], [1350, 36], [1349, 37], [1349, 38], [1348, 39], [1348, 41], [1347, 42], [1347, 43], [1346, 44], [1346, 45], [1345, 46], [1345, 47], [1344, 48], [1344, 53], [1343, 54], [1343, 73], [1344, 74], [1344, 77], [1345, 78], [1345, 80], [1347, 82], [1347, 83], [1348, 84], [1348, 85], [1350, 87], [1350, 88], [1351, 89], [1352, 89], [1359, 96], [1360, 96], [1361, 97], [1362, 97], [1363, 98], [1364, 98], [1365, 99], [1370, 99], [1371, 100], [1392, 100], [1393, 99], [1403, 99], [1404, 98], [1406, 98], [1407, 97], [1410, 97], [1411, 96], [1413, 96], [1414, 95], [1416, 95], [1417, 94], [1422, 94], [1423, 93], [1425, 93], [1426, 92], [1431, 92], [1432, 91], [1436, 91], [1437, 90], [1441, 90], [1442, 89], [1444, 89], [1445, 88], [1450, 88], [1451, 87], [1456, 87], [1457, 86], [1460, 86], [1461, 85], [1462, 85], [1463, 84], [1464, 84], [1465, 83], [1466, 83], [1469, 80], [1470, 80], [1470, 79], [1471, 78], [1471, 65], [1472, 64], [1472, 60], [1471, 59], [1471, 44], [1470, 43], [1470, 41], [1469, 40], [1469, 39], [1468, 38], [1468, 37], [1467, 36], [1467, 34], [1464, 31], [1464, 30], [1462, 28], [1462, 27], [1460, 25], [1460, 24], [1459, 24], [1452, 17], [1451, 17], [1449, 15], [1448, 15], [1446, 13], [1445, 13], [1444, 12], [1443, 12], [1442, 11], [1440, 11], [1439, 10], [1437, 10], [1436, 9], [1434, 9], [1433, 8], [1427, 8], [1426, 7]]","[[1331, 22], [1459, -6], [1479, 81], [1351, 110]]",0.9911317,pixels
25,MHR.6693.jpg,orifice,129.918212890625,114.5069580078125,9800.5,380.2325357198715,0.9876549430615741,0.8518429734485016,0.7527011167919824,126.70433044433594,95.37049102783203,59.534454345703125,1127,499,0.16652171400202131,0.0021719407515571926,2.575292960472744e-05,7.098855831968776e-07,-2.4082406668287244e-12,-2.549804990322746e-08,-1.8474789043053837e-12,"[[1125, 449], [1124, 450], [1120, 450], [1119, 451], [1117, 451], [1116, 452], [1114, 452], [1113, 453], [1112, 453], [1111, 454], [1109, 454], [1108, 455], [1106, 455], [1104, 457], [1103, 457], [1102, 458], [1101, 458], [1098, 461], [1097, 461], [1096, 462], [1095, 462], [1093, 464], [1092, 464], [1090, 466], [1089, 466], [1085, 470], [1084, 470], [1082, 472], [1082, 473], [1077, 478], [1077, 479], [1073, 483], [1073, 484], [1072, 485], [1072, 486], [1071, 487], [1071, 489], [1070, 490], [1070, 491], [1069, 492], [1069, 494], [1068, 495], [1068, 499], [1067, 500], [1067, 501], [1066, 502], [1066, 519], [1067, 520], [1067, 522], [1068, 523], [1068, 524], [1069, 525], [1069, 526], [1071, 528], [1071, 529], [1073, 531], [1073, 532], [1077, 536], [1077, 537], [1080, 540], [1081, 540], [1082, 541], [1083, 541], [1087, 545], [1088, 545], [1092, 549], [1093, 549], [1094, 550], [1095, 550], [1096, 551], [1097, 551], [1099, 553], [1100, 553], [1102, 555], [1104, 555], [1105, 556], [1112, 556], [1113, 555], [1115, 555], [1116, 554], [1117, 554], [1118, 553], [1119, 553], [1120, 552], [1121, 552], [1122, 551], [1125, 551], [1126, 550], [1128, 550], [1129, 549], [1130, 549], [1132, 547], [1133, 547], [1134, 546], [1135, 546], [1136, 545], [1137, 545], [1138, 544], [1139, 544], [1140, 543], [1141, 543], [1142, 542], [1143, 542], [1144, 541], [1146, 541], [1147, 540], [1148, 540], [1149, 539], [1151, 539], [1152, 538], [1153, 538], [1157, 534], [1158, 534], [1159, 533], [1160, 533], [1161, 532], [1162, 532], [1163, 531], [1164, 531], [1165, 530], [1166, 530], [1167, 529], [1168, 529], [1169, 528], [1170, 528], [1172, 526], [1173, 526], [1174, 525], [1175, 525], [1183, 517], [1183, 516], [1188, 511], [1188, 510], [1189, 509], [1189, 507], [1190, 506], [1190, 497], [1191, 496], [1191, 495], [1190, 494], [1190, 486], [1189, 485], [1189, 483], [1188, 482], [1188, 480], [1187, 479], [1187, 478], [1186, 477], [1186, 475], [1184, 473], [1184, 472], [1182, 470], [1182, 469], [1180, 467], [1180, 466], [1177, 463], [1177, 462], [1175, 460], [1174, 460], [1171, 457], [1170, 457], [1169, 456], [1168, 456], [1167, 455], [1166, 455], [1164, 453], [1163, 453], [1162, 452], [1159, 452], [1158, 451], [1156, 451], [1155, 450], [1153, 450], [1152, 449]]","[[1047, 489], [1156, 425], [1205, 507], [1095, 571]]",0.98742884,pixels
26,MHR.6693.jpg,orifice,158.37103271484375,115.7293701171875,12902.0,445.0193316936493,0.9802089268755936,0.8186705111204126,0.7872045247105592,143.0863494873047,112.63822174072266,84.2894058227539,613,1843,0.16720800208291464,0.0015067558601123967,0.0003175912357673289,6.124489026621236e-06,-1.4467581888793487e-10,-1.6588547582974665e-07,-2.2809598025800526e-10,"[[597, 1784], [596, 1785], [595, 1785], [594, 1786], [592, 1786], [591, 1787], [589, 1787], [586, 1790], [585, 1790], [583, 1792], [582, 1792], [581, 1793], [580, 1793], [577, 1796], [576, 1796], [573, 1799], [572, 1799], [571, 1800], [570, 1800], [568, 1802], [567, 1802], [561, 1808], [561, 1809], [556, 1814], [556, 1815], [555, 1816], [555, 1817], [554, 1818], [554, 1820], [553, 1821], [553, 1823], [552, 1824], [552, 1825], [551, 1826], [551, 1827], [550, 1828], [550, 1829], [548, 1831], [548, 1832], [547, 1833], [547, 1834], [546, 1835], [546, 1837], [545, 1838], [545, 1842], [544, 1843], [544, 1864], [545, 1865], [545, 1871], [546, 1872], [546, 1873], [547, 1874], [547, 1876], [548, 1877], [548, 1879], [549, 1880], [549, 1881], [557, 1889], [558, 1889], [559, 1890], [560, 1890], [562, 1892], [564, 1892], [565, 1893], [567, 1893], [568, 1894], [570, 1894], [571, 1895], [574, 1895], [575, 1896], [583, 1896], [584, 1897], [596, 1897], [597, 1896], [609, 1896], [610, 1895], [611, 1895], [612, 1894], [618, 1894], [619, 1893], [624, 1893], [625, 1892], [633, 1892], [634, 1891], [643, 1891], [644, 1890], [653, 1890], [654, 1889], [662, 1889], [663, 1888], [668, 1888], [669, 1887], [672, 1887], [673, 1886], [674, 1886], [675, 1885], [677, 1885], [678, 1884], [679, 1884], [680, 1883], [681, 1883], [684, 1880], [685, 1880], [685, 1879], [686, 1878], [686, 1875], [687, 1874], [687, 1869], [688, 1868], [688, 1867], [687, 1866], [687, 1856], [686, 1855], [686, 1852], [685, 1851], [685, 1848], [686, 1847], [686, 1846], [685, 1845], [685, 1844], [683, 1842], [684, 1841], [684, 1840], [685, 1839], [685, 1838], [679, 1832], [679, 1831], [678, 1830], [678, 1829], [677, 1828], [677, 1827], [675, 1825], [675, 1824], [674, 1823], [674, 1822], [672, 1820], [672, 1819], [666, 1813], [666, 1812], [665, 1811], [665, 1810], [664, 1809], [664, 1805], [663, 1804], [662, 1804], [661, 1803], [660, 1803], [659, 1802], [658, 1802], [657, 1801], [656, 1801], [653, 1798], [652, 1798], [651, 1797], [650, 1797], [649, 1796], [648, 1796], [647, 1795], [646, 1795], [644, 1793], [644, 1789], [643, 1788], [643, 1787], [641, 1785], [639, 1785], [638, 1784]]","[[536, 1790], [678, 1775], [690, 1887], [547, 1902]]",0.9380742,pixels
27,MHR.6693.jpg,avicularium,82.2252197265625,93.905517578125,5519.0,283.7644991874695,0.9877404921700224,0.8612993813279629,0.7925032380066661,93.94762420654297,74.45379638671875,56.97613525390625,392,1296,0.16466449015874024,0.0014477674872874068,8.903892114960998e-05,1.1884467519220987e-06,-4.308886593366945e-12,-1.6285731298334773e-08,-1.1440780755478367e-11,"[[376, 1250], [374, 1252], [373, 1252], [370, 1255], [368, 1255], [366, 1257], [365, 1257], [363, 1259], [363, 1260], [362, 1261], [362, 1263], [360, 1265], [360, 1266], [358, 1268], [358, 1269], [357, 1270], [357, 1271], [356, 1272], [356, 1278], [355, 1279], [355, 1281], [356, 1282], [356, 1288], [355, 1289], [355, 1304], [356, 1305], [356, 1308], [357, 1309], [357, 1311], [358, 1312], [358, 1314], [359, 1315], [359, 1316], [360, 1317], [360, 1318], [361, 1319], [361, 1320], [365, 1324], [365, 1325], [368, 1328], [369, 1328], [372, 1331], [373, 1331], [376, 1334], [377, 1334], [378, 1335], [379, 1335], [380, 1336], [383, 1336], [384, 1337], [386, 1337], [387, 1338], [389, 1338], [390, 1339], [407, 1339], [408, 1338], [411, 1338], [412, 1337], [413, 1337], [414, 1336], [415, 1336], [416, 1335], [417, 1335], [419, 1333], [420, 1333], [422, 1331], [423, 1331], [424, 1330], [425, 1330], [430, 1325], [430, 1324], [431, 1323], [431, 1322], [432, 1321], [432, 1320], [433, 1319], [433, 1318], [434, 1317], [434, 1315], [435, 1314], [435, 1302], [434, 1301], [434, 1298], [433, 1297], [433, 1296], [432, 1295], [432, 1294], [431, 1293], [431, 1292], [430, 1291], [430, 1290], [429, 1289], [429, 1288], [427, 1286], [427, 1285], [425, 1283], [425, 1282], [423, 1280], [423, 1279], [421, 1277], [421, 1276], [418, 1273], [418, 1272], [417, 1271], [417, 1270], [416, 1269], [416, 1268], [414, 1266], [414, 1265], [412, 1263], [412, 1262], [408, 1258], [408, 1257], [407, 1257], [405, 1255], [404, 1255], [403, 1254], [402, 1254], [401, 1253], [400, 1253], [399, 1252], [398, 1252], [397, 1251], [396, 1251], [395, 1250]]","[[333, 1277], [395, 1236], [447, 1315], [384, 1356]]",0.9987004,pixels
28,MHR.6693.jpg,avicularium,74.942626953125,85.2802734375,4901.5,263.3797240257263,0.9889034601028952,0.8879207279900994,0.8795180722891566,83.0,73.0,90.0,1517,2420,0.16251667208921255,0.0007890022951086864,7.326854496255367e-05,6.090759900057928e-07,2.969196854681474e-12,1.3371161789086649e-08,2.7819017926141293e-12,"[[1502, 2378], [1501, 2379], [1498, 2379], [1496, 2381], [1495, 2381], [1491, 2385], [1491, 2386], [1489, 2388], [1489, 2389], [1488, 2390], [1488, 2391], [1487, 2392], [1487, 2394], [1486, 2395], [1486, 2397], [1485, 2398], [1485, 2402], [1484, 2403], [1484, 2408], [1483, 2409], [1483, 2415], [1484, 2416], [1484, 2433], [1485, 2434], [1485, 2438], [1486, 2439], [1486, 2441], [1487, 2442], [1487, 2445], [1493, 2451], [1493, 2452], [1496, 2455], [1497, 2455], [1499, 2457], [1500, 2457], [1502, 2459], [1504, 2459], [1505, 2460], [1507, 2460], [1508, 2461], [1528, 2461], [1529, 2460], [1530, 2460], [1531, 2459], [1533, 2459], [1534, 2458], [1535, 2458], [1537, 2456], [1538, 2456], [1542, 2452], [1543, 2452], [1545, 2450], [1546, 2450], [1551, 2445], [1551, 2444], [1553, 2442], [1553, 2441], [1555, 2439], [1555, 2437], [1556, 2436], [1556, 2419], [1555, 2418], [1555, 2415], [1554, 2414], [1554, 2412], [1553, 2411], [1553, 2410], [1552, 2409], [1552, 2408], [1551, 2407], [1551, 2406], [1549, 2404], [1549, 2403], [1547, 2401], [1547, 2400], [1545, 2398], [1545, 2397], [1543, 2395], [1543, 2394], [1541, 2392], [1541, 2391], [1532, 2382], [1531, 2382], [1530, 2381], [1529, 2381], [1528, 2380], [1527, 2380], [1526, 2379], [1521, 2379], [1520, 2378]]","[[1483, 2378], [1556, 2378], [1556, 2461], [1483, 2461]]",0.9985286,pixels
29,MHR.6693.jpg,avicularium,91.65789794921875,79.97821044921875,5262.0,278.4507908821106,0.9857624578493818,0.8528326061288063,0.8292383385181191,89.89127349853516,74.54129028320312,6.340191841125488,1040,638,0.16533454741570125,0.001494465321872555,0.00012676496420213078,2.8065549857508244e-06,4.5561079903290837e-11,9.472592023788358e-08,-2.6954072968182472e-11,"[[1012, 600], [1011, 601], [1010, 601], [1009, 602], [1008, 602], [1002, 608], [1002, 610], [1001, 611], [1001, 613], [1000, 614], [1000, 615], [999, 616], [999, 617], [998, 618], [998, 619], [997, 620], [997, 623], [996, 624], [996, 629], [997, 630], [997, 633], [998, 634], [998, 636], [1000, 638], [1000, 640], [1001, 641], [1001, 642], [1002, 643], [1002, 644], [1004, 646], [1004, 647], [1007, 650], [1007, 651], [1008, 652], [1008, 654], [1011, 657], [1011, 658], [1012, 659], [1012, 660], [1013, 661], [1013, 662], [1023, 672], [1024, 672], [1025, 673], [1026, 673], [1028, 675], [1031, 675], [1032, 676], [1033, 676], [1034, 677], [1063, 677], [1064, 676], [1065, 676], [1066, 675], [1067, 675], [1068, 674], [1069, 674], [1070, 673], [1070, 672], [1073, 669], [1073, 668], [1075, 666], [1075, 665], [1077, 663], [1077, 662], [1079, 660], [1079, 659], [1080, 658], [1080, 657], [1081, 656], [1081, 654], [1082, 653], [1082, 650], [1083, 649], [1083, 647], [1084, 646], [1084, 630], [1083, 629], [1083, 626], [1082, 625], [1082, 624], [1081, 623], [1081, 622], [1079, 620], [1078, 620], [1076, 618], [1076, 617], [1074, 615], [1073, 615], [1070, 612], [1069, 612], [1067, 610], [1066, 610], [1065, 609], [1064, 609], [1063, 608], [1062, 608], [1061, 607], [1060, 607], [1059, 606], [1056, 606], [1055, 605], [1051, 605], [1050, 604], [1044, 604], [1043, 603], [1031, 603], [1030, 602], [1026, 602], [1025, 601], [1013, 601]]","[[990, 672], [998, 598], [1088, 608], [1079, 682]]",0.9981852,pixels
30,MHR.6693.jpg,avicularium,83.40533447265625,84.38848876953125,5371.5,275.37972366809845,0.9873173421560518,0.8901055818124032,1.0,81.0,81.0,90.0,530,644,0.15994049113565792,9.930982953338669e-05,2.2557622249291143e-05,4.274703665423506e-10,-2.3588868831208604e-17,-3.9374289313516965e-12,-3.4721569731766715e-17,"[[520, 605], [519, 606], [509, 606], [508, 607], [507, 607], [507, 608], [501, 614], [501, 615], [500, 616], [500, 617], [499, 618], [499, 619], [495, 623], [495, 624], [494, 625], [494, 626], [493, 627], [493, 628], [492, 629], [492, 632], [491, 633], [491, 638], [490, 639], [490, 649], [491, 650], [491, 654], [492, 655], [492, 658], [493, 659], [493, 662], [494, 663], [494, 666], [495, 667], [495, 669], [496, 670], [496, 671], [498, 673], [498, 674], [505, 681], [507, 681], [509, 683], [510, 683], [511, 684], [513, 684], [514, 685], [517, 685], [518, 686], [535, 686], [536, 685], [539, 685], [540, 684], [541, 684], [542, 683], [543, 683], [544, 682], [545, 682], [546, 681], [547, 681], [549, 679], [550, 679], [552, 677], [553, 677], [557, 673], [558, 673], [559, 672], [559, 671], [565, 665], [565, 664], [566, 663], [566, 662], [567, 661], [567, 660], [568, 659], [568, 658], [569, 657], [569, 655], [570, 654], [570, 645], [571, 644], [571, 639], [570, 638], [570, 626], [569, 625], [569, 624], [568, 623], [568, 622], [566, 620], [566, 619], [564, 617], [564, 616], [563, 615], [562, 615], [557, 610], [556, 610], [555, 609], [553, 609], [552, 608], [551, 608], [550, 607], [548, 607], [547, 606], [543, 606], [542, 605]]","[[490, 605], [571, 605], [571, 686], [490, 686]]",0.9978624,pixels
31,MHR.6693.jpg,avicularium,86.3836669921875,84.400146484375,5349.5,274.69343185424805,0.9879039704524469,0.8908949670290629,0.9759036144578314,83.0,81.0,90.0,993,2039,0.15985896193752647,0.0001428691996805127,1.2362565511935846e-05,8.055172248690817e-09,2.1485982536089923e-15,9.459761841555385e-11,-1.35831581715787e-15,"[[986, 1999], [985, 2000], [979, 2000], [978, 2001], [976, 2001], [975, 2002], [974, 2002], [973, 2003], [972, 2003], [971, 2004], [969, 2004], [965, 2008], [964, 2008], [961, 2011], [961, 2012], [958, 2015], [957, 2015], [957, 2016], [956, 2017], [956, 2018], [955, 2019], [955, 2020], [954, 2021], [954, 2022], [953, 2023], [953, 2027], [952, 2028], [952, 2036], [953, 2037], [953, 2044], [954, 2045], [954, 2047], [955, 2048], [955, 2050], [956, 2051], [956, 2052], [957, 2053], [957, 2056], [958, 2057], [958, 2058], [959, 2059], [959, 2060], [964, 2065], [964, 2066], [966, 2068], [967, 2068], [969, 2070], [970, 2070], [974, 2074], [975, 2074], [978, 2077], [979, 2077], [980, 2078], [981, 2078], [982, 2079], [986, 2079], [987, 2080], [1008, 2080], [1009, 2079], [1011, 2079], [1012, 2078], [1014, 2078], [1016, 2076], [1017, 2076], [1018, 2075], [1019, 2075], [1023, 2071], [1023, 2070], [1027, 2066], [1027, 2065], [1029, 2063], [1029, 2062], [1030, 2061], [1030, 2059], [1031, 2058], [1031, 2056], [1032, 2055], [1032, 2054], [1033, 2053], [1033, 2052], [1034, 2051], [1034, 2047], [1035, 2046], [1035, 2029], [1034, 2028], [1034, 2024], [1033, 2023], [1033, 2021], [1026, 2014], [1025, 2014], [1022, 2011], [1021, 2011], [1020, 2010], [1019, 2010], [1016, 2007], [1015, 2007], [1014, 2006], [1013, 2006], [1011, 2004], [1010, 2004], [1009, 2003], [1008, 2003], [1007, 2002], [1005, 2002], [1004, 2001], [1002, 2001], [1001, 2000], [998, 2000], [997, 1999]]","[[952, 1999], [1035, 1999], [1035, 2080], [952, 2080]]",0.99775594,pixels
32,MHR.6693.jpg,avicularium,74.755126953125,86.342529296875,4855.0,264.4507917165756,0.9865880918512497,0.8723873412954206,0.8588235294117647,85.0,73.0,90.0,1725,1995,0.16276268024726967,0.0008352345758103558,9.327053540026327e-05,9.96936310893359e-07,5.482021231548012e-12,1.3841262587225362e-08,7.897046696729896e-12,"[[1714, 1952], [1713, 1953], [1708, 1953], [1706, 1955], [1706, 1956], [1705, 1957], [1705, 1958], [1704, 1959], [1704, 1960], [1702, 1962], [1702, 1963], [1700, 1965], [1700, 1966], [1699, 1967], [1699, 1969], [1697, 1971], [1697, 1973], [1696, 1974], [1696, 1975], [1695, 1976], [1695, 1978], [1694, 1979], [1694, 1982], [1693, 1983], [1693, 1985], [1692, 1986], [1692, 1989], [1691, 1990], [1691, 1996], [1690, 1997], [1690, 2008], [1691, 2009], [1691, 2013], [1692, 2014], [1692, 2016], [1693, 2017], [1693, 2019], [1694, 2020], [1694, 2021], [1695, 2022], [1695, 2023], [1699, 2027], [1699, 2028], [1704, 2033], [1706, 2033], [1708, 2035], [1710, 2035], [1711, 2036], [1719, 2036], [1720, 2037], [1732, 2037], [1733, 2036], [1737, 2036], [1738, 2035], [1739, 2035], [1740, 2034], [1741, 2034], [1744, 2031], [1745, 2031], [1748, 2028], [1749, 2028], [1752, 2025], [1752, 2024], [1756, 2020], [1756, 2019], [1758, 2017], [1758, 2016], [1759, 2015], [1759, 2014], [1760, 2013], [1760, 2012], [1762, 2010], [1762, 2007], [1763, 2006], [1763, 1993], [1762, 1992], [1762, 1990], [1761, 1989], [1761, 1987], [1760, 1986], [1760, 1984], [1758, 1982], [1758, 1981], [1757, 1980], [1757, 1979], [1756, 1978], [1756, 1977], [1755, 1976], [1755, 1975], [1753, 1973], [1753, 1972], [1752, 1971], [1752, 1970], [1748, 1966], [1748, 1965], [1747, 1964], [1746, 1964], [1737, 1955], [1736, 1955], [1734, 1953], [1731, 1953], [1730, 1952]]","[[1690, 1952], [1763, 1952], [1763, 2037], [1690, 2037]]",0.99768484,pixels
33,MHR.6693.jpg,avicularium,81.1627197265625,83.114501953125,4518.0,255.4213547706604,0.984313725490196,0.8702452919600502,0.9632107126721834,76.56605529785156,73.7492446899414,39.80556869506836,992,2218,0.16058347831117398,3.9857735646183856e-05,9.984863744621952e-05,5.0480235876236583e-08,8.661170645270948e-14,1.8358577544698385e-10,-7.309301567391627e-14,"[[987, 2177], [986, 2178], [983, 2178], [981, 2180], [980, 2180], [979, 2181], [978, 2181], [977, 2182], [976, 2182], [974, 2184], [973, 2184], [973, 2185], [971, 2187], [971, 2188], [970, 2189], [970, 2190], [969, 2191], [968, 2191], [966, 2193], [966, 2194], [964, 2196], [964, 2198], [962, 2200], [962, 2201], [960, 2203], [960, 2205], [959, 2206], [959, 2207], [958, 2208], [958, 2209], [957, 2210], [957, 2212], [956, 2213], [956, 2218], [955, 2219], [955, 2230], [956, 2231], [956, 2233], [957, 2234], [957, 2236], [958, 2237], [958, 2239], [959, 2240], [959, 2241], [960, 2242], [960, 2243], [969, 2252], [970, 2252], [971, 2253], [972, 2253], [973, 2254], [975, 2254], [976, 2255], [983, 2255], [984, 2256], [998, 2256], [999, 2255], [1002, 2255], [1003, 2254], [1004, 2254], [1005, 2253], [1006, 2253], [1008, 2251], [1009, 2251], [1010, 2250], [1011, 2250], [1013, 2248], [1014, 2248], [1015, 2247], [1016, 2247], [1018, 2245], [1018, 2244], [1024, 2238], [1024, 2237], [1026, 2235], [1026, 2234], [1027, 2233], [1027, 2232], [1031, 2228], [1031, 2227], [1032, 2226], [1032, 2224], [1033, 2223], [1033, 2218], [1032, 2217], [1032, 2213], [1030, 2211], [1030, 2210], [1029, 2209], [1029, 2208], [1028, 2207], [1028, 2206], [1024, 2202], [1024, 2201], [1015, 2192], [1015, 2191], [1013, 2189], [1012, 2189], [1007, 2184], [1006, 2184], [1003, 2181], [1002, 2181], [1001, 2180], [998, 2180], [997, 2179], [996, 2179], [995, 2178], [988, 2178]]","[[937, 2226], [986, 2167], [1043, 2214], [994, 2273]]",0.9945815,pixels
34,MHR.6693.jpg,avicularium,76.8206787109375,86.104248046875,4884.0,278.30865573883057,0.9588691469519977,0.7923774215856715,0.9715119968278609,78.84965515136719,76.60338592529297,3.301865577697754,1105,897,0.16440033294409445,0.00047679038853842934,0.00018217863944367207,3.999543079919167e-06,7.467214854223196e-11,8.55720758773841e-08,-7.797120007479054e-11,"[[1102, 856], [1101, 857], [1092, 857], [1091, 858], [1089, 858], [1088, 859], [1086, 859], [1085, 860], [1084, 860], [1083, 861], [1082, 861], [1076, 867], [1076, 868], [1073, 871], [1073, 872], [1072, 873], [1072, 874], [1071, 875], [1071, 878], [1070, 879], [1070, 883], [1069, 884], [1069, 888], [1068, 889], [1068, 904], [1069, 905], [1069, 913], [1070, 914], [1070, 917], [1071, 918], [1071, 919], [1072, 920], [1072, 921], [1073, 922], [1073, 923], [1074, 924], [1074, 925], [1075, 926], [1076, 926], [1077, 927], [1077, 928], [1079, 930], [1079, 931], [1080, 931], [1081, 932], [1083, 932], [1084, 933], [1086, 933], [1087, 934], [1094, 934], [1095, 933], [1098, 933], [1099, 932], [1105, 932], [1106, 931], [1110, 931], [1111, 932], [1118, 932], [1119, 933], [1120, 933], [1122, 931], [1123, 931], [1124, 930], [1126, 930], [1128, 932], [1130, 932], [1131, 933], [1132, 933], [1133, 934], [1134, 934], [1135, 935], [1137, 935], [1139, 937], [1140, 937], [1142, 935], [1142, 920], [1143, 919], [1143, 904], [1142, 903], [1142, 893], [1141, 892], [1141, 890], [1140, 889], [1140, 887], [1139, 886], [1139, 885], [1138, 884], [1138, 883], [1137, 882], [1137, 881], [1136, 880], [1136, 879], [1133, 876], [1133, 875], [1132, 874], [1132, 873], [1122, 863], [1121, 863], [1119, 861], [1118, 861], [1117, 860], [1115, 860], [1114, 859], [1113, 859], [1112, 858], [1111, 858], [1110, 857], [1105, 857], [1104, 856]]","[[1065, 932], [1070, 854], [1146, 858], [1141, 937]]",0.9927078,pixels
35,MHR.6693.jpg,avicularium,77.8465576171875,76.81927490234375,4199.0,244.45079171657562,0.9889307583608101,0.8830246806001991,0.805228680933571,81.08984375,65.29586791992188,32.0053825378418,1304,454,0.16298941813950496,0.0011527381115227742,1.6652467277273498e-05,1.9151706441652522e-07,3.073767804313118e-13,5.952845007468547e-09,-1.4998886579630156e-13,"[[1291, 418], [1290, 419], [1286, 419], [1285, 420], [1283, 420], [1282, 421], [1281, 421], [1280, 422], [1279, 422], [1278, 423], [1277, 423], [1271, 429], [1271, 431], [1269, 433], [1269, 434], [1268, 435], [1268, 437], [1267, 438], [1267, 453], [1268, 454], [1268, 457], [1269, 458], [1269, 460], [1270, 461], [1270, 462], [1271, 463], [1271, 465], [1272, 466], [1272, 467], [1274, 469], [1274, 470], [1277, 473], [1277, 474], [1282, 479], [1283, 479], [1285, 481], [1286, 481], [1287, 482], [1288, 482], [1290, 484], [1291, 484], [1293, 486], [1294, 486], [1295, 487], [1297, 487], [1298, 488], [1299, 488], [1301, 490], [1303, 490], [1304, 491], [1319, 491], [1320, 490], [1321, 490], [1323, 488], [1324, 488], [1325, 487], [1326, 487], [1327, 486], [1328, 486], [1336, 478], [1336, 477], [1337, 476], [1337, 475], [1339, 473], [1339, 472], [1340, 471], [1340, 470], [1341, 469], [1341, 468], [1342, 467], [1342, 451], [1341, 450], [1341, 448], [1340, 447], [1340, 446], [1339, 445], [1339, 443], [1337, 441], [1337, 440], [1328, 431], [1327, 431], [1325, 429], [1324, 429], [1323, 428], [1322, 428], [1320, 426], [1319, 426], [1317, 424], [1316, 424], [1315, 423], [1313, 423], [1312, 422], [1310, 422], [1309, 421], [1307, 421], [1306, 420], [1303, 420], [1302, 419], [1299, 419], [1298, 418]]","[[1251, 460], [1286, 404], [1354, 447], [1320, 503]]",0.9918609,pixels
36,MHR.6693.jpg,avicularium,92.97628784179688,81.7896728515625,5474.0,280.5929265022278,0.9876409562471808,0.8736977550259556,0.8777777777777778,90.0,79.0,90.0,378,1089,0.1621637996548398,0.0004912244985826053,0.00014073334793140012,9.928002716086077e-07,1.0670637089357614e-11,1.870054609284548e-08,-4.88394912678104e-12,"[[376, 1051], [375, 1052], [372, 1052], [371, 1053], [369, 1053], [368, 1054], [366, 1054], [365, 1055], [361, 1055], [360, 1056], [358, 1056], [357, 1057], [356, 1057], [355, 1058], [354, 1058], [353, 1059], [351, 1059], [348, 1062], [347, 1062], [346, 1063], [345, 1063], [341, 1067], [339, 1067], [338, 1068], [337, 1068], [335, 1070], [334, 1070], [334, 1071], [331, 1074], [331, 1089], [332, 1090], [332, 1091], [333, 1092], [333, 1094], [336, 1097], [336, 1099], [337, 1100], [337, 1101], [339, 1103], [339, 1104], [344, 1109], [344, 1110], [345, 1111], [345, 1112], [349, 1116], [350, 1116], [352, 1118], [353, 1118], [354, 1119], [355, 1119], [356, 1120], [357, 1120], [359, 1122], [360, 1122], [362, 1124], [363, 1124], [364, 1125], [365, 1125], [366, 1126], [367, 1126], [369, 1128], [371, 1128], [372, 1129], [376, 1129], [377, 1130], [393, 1130], [394, 1129], [397, 1129], [399, 1127], [400, 1127], [411, 1116], [411, 1115], [412, 1114], [412, 1113], [413, 1112], [413, 1111], [414, 1110], [414, 1109], [416, 1107], [416, 1106], [417, 1105], [417, 1104], [418, 1103], [418, 1102], [419, 1101], [419, 1098], [420, 1097], [420, 1096], [421, 1095], [421, 1074], [420, 1073], [420, 1072], [419, 1071], [419, 1070], [414, 1065], [414, 1064], [411, 1061], [410, 1061], [405, 1056], [404, 1056], [403, 1055], [402, 1055], [401, 1054], [400, 1054], [399, 1053], [397, 1053], [396, 1052], [393, 1052], [392, 1051]]","[[331, 1051], [421, 1051], [421, 1130], [331, 1130]]",0.9909218,pixels
37,MHR.6693.jpg,avicularium,87.64111328125,85.2169189453125,5394.0,285.96550965309143,0.9809056192034915,0.8288834994139981,0.7541676558894521,95.95652770996094,72.3673095703125,22.520565032958984,867,1128,0.16966867889191584,0.002691675103400566,0.00016625288948937864,7.961495662956423e-06,2.0662519353560125e-10,3.0318823346825294e-07,-2.0298850986485776e-10,"[[833, 1087], [832, 1088], [831, 1088], [830, 1089], [830, 1090], [829, 1091], [829, 1093], [828, 1094], [828, 1095], [827, 1096], [827, 1122], [828, 1123], [828, 1128], [829, 1129], [829, 1132], [830, 1133], [830, 1137], [831, 1138], [831, 1140], [832, 1141], [832, 1143], [833, 1144], [833, 1145], [834, 1145], [846, 1157], [847, 1157], [851, 1161], [852, 1161], [854, 1163], [855, 1163], [856, 1164], [857, 1164], [858, 1165], [859, 1165], [860, 1166], [861, 1166], [863, 1168], [864, 1168], [865, 1169], [868, 1169], [869, 1170], [885, 1170], [886, 1169], [889, 1169], [890, 1168], [892, 1168], [893, 1167], [895, 1167], [903, 1159], [903, 1158], [905, 1156], [905, 1155], [906, 1154], [906, 1153], [908, 1151], [908, 1149], [909, 1148], [909, 1147], [910, 1146], [910, 1144], [911, 1143], [911, 1123], [910, 1122], [910, 1120], [909, 1119], [909, 1117], [908, 1116], [908, 1114], [907, 1113], [907, 1112], [906, 1111], [906, 1110], [902, 1106], [898, 1106], [897, 1105], [895, 1105], [894, 1104], [892, 1104], [891, 1103], [890, 1103], [889, 1102], [888, 1102], [887, 1101], [886, 1101], [885, 1100], [883, 1100], [882, 1099], [880, 1099], [879, 1098], [877, 1098], [876, 1097], [875, 1097], [874, 1096], [873, 1096], [872, 1095], [871, 1095], [869, 1093], [867, 1093], [866, 1092], [864, 1092], [863, 1091], [862, 1091], [861, 1090], [861, 1089], [858, 1089], [856, 1087]]","[[806, 1144], [834, 1077], [923, 1114], [895, 1181]]",0.9904331,pixels
38,MHR.6693.jpg,avicularium,70.4495849609375,77.5135498046875,4155.5,245.23758792877197,0.9840161022969452,0.8682785630606759,0.8947368421052632,76.0,68.0,90.0,1259,1839,0.1639131430338254,0.0014135802308225334,1.3796519290673218e-05,2.592645069589395e-07,2.1842177091254782e-13,3.2880339266838588e-09,4.3900741201442926e-13,"[[1245, 1802], [1244, 1803], [1239, 1803], [1238, 1804], [1237, 1804], [1233, 1808], [1232, 1808], [1230, 1810], [1230, 1811], [1228, 1813], [1228, 1814], [1227, 1815], [1227, 1817], [1226, 1818], [1226, 1836], [1227, 1837], [1227, 1843], [1228, 1844], [1228, 1847], [1229, 1848], [1229, 1850], [1230, 1851], [1230, 1852], [1231, 1853], [1231, 1854], [1232, 1855], [1232, 1856], [1233, 1857], [1233, 1858], [1234, 1859], [1234, 1861], [1235, 1862], [1235, 1863], [1239, 1867], [1239, 1868], [1243, 1872], [1244, 1872], [1246, 1874], [1247, 1874], [1248, 1875], [1249, 1875], [1250, 1876], [1251, 1876], [1252, 1877], [1259, 1877], [1260, 1878], [1273, 1878], [1274, 1877], [1278, 1877], [1282, 1873], [1283, 1873], [1289, 1867], [1290, 1867], [1290, 1866], [1291, 1865], [1291, 1864], [1292, 1863], [1292, 1860], [1293, 1859], [1293, 1850], [1294, 1849], [1294, 1848], [1293, 1847], [1293, 1833], [1292, 1832], [1292, 1830], [1291, 1829], [1291, 1828], [1290, 1827], [1290, 1826], [1288, 1824], [1288, 1822], [1287, 1822], [1285, 1820], [1285, 1819], [1284, 1818], [1284, 1817], [1283, 1816], [1283, 1815], [1282, 1815], [1278, 1811], [1277, 1811], [1274, 1808], [1273, 1808], [1272, 1807], [1271, 1807], [1270, 1806], [1269, 1806], [1268, 1805], [1266, 1805], [1265, 1804], [1263, 1804], [1262, 1803], [1257, 1803], [1256, 1802]]","[[1226, 1802], [1294, 1802], [1294, 1878], [1226, 1878]]",0.98985076,pixels
39,MHR.6693.jpg,avicularium,73.986083984375,82.84149169921875,4253.5,248.55129623413086,0.9832408691631993,0.8652153910629874,0.9473684210526315,76.0,72.0,90.0,1662,937,0.16197941255122725,0.0006566206366218109,6.577333706022569e-05,2.944389031670714e-07,-9.191554793830791e-13,-5.269747653675236e-09,-9.132876136065329e-13,"[[1655, 899], [1654, 900], [1646, 900], [1645, 901], [1643, 901], [1642, 902], [1641, 902], [1640, 903], [1639, 903], [1634, 908], [1634, 909], [1633, 910], [1633, 911], [1632, 912], [1632, 913], [1630, 915], [1630, 918], [1629, 919], [1629, 921], [1628, 922], [1628, 945], [1629, 946], [1629, 951], [1630, 952], [1630, 953], [1631, 954], [1631, 955], [1632, 956], [1632, 957], [1634, 959], [1634, 960], [1635, 961], [1636, 961], [1637, 962], [1637, 963], [1640, 966], [1641, 966], [1643, 968], [1644, 968], [1645, 969], [1646, 969], [1647, 970], [1648, 970], [1649, 971], [1650, 971], [1652, 973], [1655, 973], [1656, 974], [1660, 974], [1661, 975], [1663, 975], [1664, 974], [1671, 974], [1672, 973], [1675, 973], [1677, 971], [1679, 971], [1680, 970], [1681, 970], [1682, 969], [1683, 969], [1684, 968], [1687, 968], [1688, 967], [1689, 967], [1690, 966], [1691, 966], [1697, 960], [1697, 959], [1698, 958], [1698, 957], [1699, 956], [1699, 952], [1700, 951], [1700, 942], [1699, 941], [1699, 936], [1698, 935], [1698, 934], [1697, 933], [1697, 930], [1694, 927], [1694, 926], [1690, 922], [1690, 920], [1688, 918], [1688, 917], [1687, 916], [1686, 916], [1685, 915], [1685, 914], [1684, 913], [1684, 912], [1682, 910], [1681, 910], [1680, 909], [1679, 909], [1675, 905], [1674, 905], [1672, 903], [1670, 903], [1669, 902], [1668, 902], [1667, 901], [1665, 901], [1664, 900], [1658, 900], [1657, 899]]","[[1628, 899], [1700, 899], [1700, 975], [1628, 975]]",0.9875552,pixels
40,MHR.6693.jpg,avicularium,75.67462158203125,71.59716796875,3924.5,238.89444303512573,0.9828449787127473,0.864136007634375,0.9315068493150684,73.0,68.0,90.0,781,2443,0.16141203117763203,0.00046880367209416093,5.836219717570199e-05,3.569611987767235e-07,1.6093079400024463e-12,7.426756777181637e-09,-2.5436376228478096e-13,"[[767, 2410], [766, 2411], [763, 2411], [762, 2412], [760, 2412], [759, 2413], [758, 2413], [757, 2414], [756, 2414], [755, 2415], [755, 2416], [753, 2418], [752, 2418], [747, 2423], [747, 2425], [746, 2426], [746, 2427], [745, 2428], [745, 2445], [746, 2446], [746, 2447], [747, 2448], [747, 2449], [748, 2450], [748, 2451], [749, 2452], [749, 2453], [750, 2454], [750, 2455], [751, 2456], [751, 2457], [752, 2457], [756, 2461], [756, 2463], [765, 2472], [765, 2475], [766, 2475], [767, 2476], [768, 2476], [769, 2477], [771, 2477], [772, 2478], [789, 2478], [790, 2477], [794, 2477], [795, 2476], [796, 2476], [797, 2475], [799, 2475], [800, 2474], [801, 2474], [802, 2473], [803, 2473], [806, 2470], [807, 2470], [808, 2469], [808, 2468], [812, 2464], [812, 2463], [814, 2461], [814, 2459], [815, 2458], [815, 2457], [816, 2456], [816, 2455], [818, 2453], [818, 2438], [817, 2437], [817, 2435], [816, 2434], [816, 2433], [815, 2432], [815, 2431], [814, 2430], [814, 2429], [813, 2428], [813, 2427], [812, 2426], [812, 2425], [811, 2424], [811, 2423], [807, 2419], [806, 2419], [804, 2417], [803, 2417], [802, 2416], [801, 2416], [800, 2415], [799, 2415], [798, 2414], [794, 2414], [793, 2413], [788, 2413], [787, 2412], [783, 2412], [782, 2411], [779, 2411], [778, 2410], [776, 2410], [775, 2411], [774, 2410]]","[[745, 2410], [818, 2410], [818, 2478], [745, 2478]]",0.9782406,pixels
41,MHR.6693.jpg,avicularium,92.886474609375,96.9166259765625,6367.5,304.83556723594666,0.9819569743233866,0.8610880103683777,0.9728139988343083,91.55076599121094,89.0618667602539,42.273685455322266,683,1606,0.1608565452682566,0.0001952151765069998,8.65418457405794e-05,7.491038826416221e-08,-1.9053243236483685e-13,-1.0344962056602138e-09,-8.747644344158021e-15,"[[682, 1558], [681, 1559], [679, 1559], [678, 1560], [673, 1560], [672, 1561], [670, 1561], [669, 1562], [668, 1562], [664, 1566], [663, 1566], [660, 1569], [660, 1570], [659, 1571], [658, 1571], [657, 1572], [656, 1572], [655, 1573], [655, 1574], [654, 1575], [654, 1576], [648, 1582], [648, 1583], [640, 1591], [640, 1592], [639, 1593], [639, 1595], [638, 1596], [638, 1599], [637, 1600], [637, 1607], [638, 1608], [638, 1615], [639, 1616], [639, 1618], [640, 1619], [640, 1623], [641, 1624], [641, 1625], [642, 1626], [642, 1627], [643, 1628], [644, 1628], [645, 1629], [646, 1629], [650, 1633], [651, 1633], [653, 1635], [653, 1636], [657, 1640], [658, 1640], [659, 1641], [660, 1641], [664, 1645], [664, 1646], [665, 1647], [665, 1648], [666, 1648], [668, 1650], [669, 1650], [670, 1651], [672, 1651], [673, 1652], [700, 1652], [701, 1651], [704, 1651], [705, 1650], [706, 1650], [707, 1649], [709, 1649], [711, 1647], [711, 1645], [712, 1644], [713, 1644], [714, 1643], [715, 1643], [716, 1642], [716, 1641], [718, 1639], [718, 1637], [721, 1634], [722, 1634], [722, 1632], [723, 1631], [723, 1629], [724, 1628], [724, 1626], [725, 1625], [725, 1606], [724, 1605], [724, 1602], [723, 1601], [723, 1596], [722, 1595], [722, 1592], [721, 1591], [721, 1590], [720, 1589], [720, 1587], [719, 1586], [719, 1585], [718, 1584], [718, 1583], [717, 1582], [717, 1580], [716, 1579], [716, 1578], [715, 1577], [715, 1576], [714, 1575], [714, 1574], [712, 1572], [712, 1571], [705, 1564], [703, 1564], [702, 1563], [701, 1563], [699, 1561], [698, 1561], [697, 1560], [694, 1560], [693, 1559], [686, 1559], [685, 1558]]","[[622, 1609], [682, 1543], [749, 1604], [689, 1670]]",0.9740702,pixels
42,MHR.6693.jpg,avicularium,72.88214111328125,80.53656005859375,4088.0,242.7939373254776,0.9844671884406984,0.8714552189365932,0.8775251854044065,76.92584228515625,67.50436401367188,29.05460548400879,799,432,0.16233728433909755,0.0008780353731398938,1.702826454660911e-05,7.489622428738646e-08,-3.1196273927410355e-15,-8.617246397623024e-11,8.452389081247807e-14,"[[784, 393], [781, 396], [780, 396], [779, 397], [779, 398], [778, 399], [778, 400], [777, 401], [777, 402], [769, 410], [769, 411], [766, 414], [766, 415], [765, 416], [765, 420], [764, 421], [764, 435], [765, 436], [765, 439], [766, 440], [766, 443], [767, 444], [767, 446], [768, 447], [768, 448], [774, 454], [774, 455], [775, 455], [779, 459], [780, 459], [781, 460], [782, 460], [783, 461], [784, 461], [785, 462], [786, 462], [788, 464], [790, 464], [791, 465], [792, 465], [793, 466], [794, 466], [795, 467], [796, 467], [797, 468], [799, 468], [800, 469], [816, 469], [817, 468], [820, 468], [829, 459], [829, 458], [830, 457], [830, 456], [831, 455], [831, 454], [832, 453], [832, 451], [833, 450], [833, 445], [834, 444], [834, 433], [833, 432], [833, 427], [832, 426], [832, 424], [831, 423], [831, 422], [830, 421], [830, 420], [829, 419], [829, 417], [827, 415], [827, 414], [825, 412], [825, 411], [821, 407], [820, 407], [819, 406], [819, 405], [817, 403], [816, 403], [815, 402], [814, 402], [813, 401], [812, 401], [810, 399], [808, 399], [806, 397], [805, 397], [804, 396], [801, 396], [800, 395], [795, 395], [794, 394], [791, 394], [790, 393]]","[[749, 442], [782, 383], [849, 421], [817, 480]]",0.9714343,pixels
43,MHR.6693.jpg,avicularium,90.039306640625,85.62646484375,5361.5,282.3502856492996,0.9850266397207422,0.8451225918990463,0.7500000402354838,94.80928039550781,71.10696411132812,26.56505012512207,1695,1635,0.1668847538825483,0.0021459770349303337,9.012039605090901e-05,2.0333873279401856e-06,-4.903120232629377e-12,-3.258583952123769e-08,-2.7085701682953753e-11,"[[1671, 1595], [1670, 1596], [1667, 1596], [1666, 1597], [1665, 1597], [1664, 1598], [1663, 1598], [1662, 1599], [1661, 1599], [1658, 1602], [1658, 1603], [1657, 1604], [1657, 1605], [1656, 1606], [1656, 1608], [1655, 1609], [1655, 1615], [1654, 1616], [1654, 1630], [1655, 1631], [1655, 1641], [1656, 1642], [1656, 1644], [1657, 1645], [1657, 1646], [1660, 1649], [1660, 1650], [1661, 1651], [1661, 1655], [1662, 1656], [1662, 1657], [1666, 1661], [1667, 1661], [1670, 1664], [1671, 1664], [1673, 1666], [1674, 1666], [1675, 1667], [1676, 1667], [1677, 1668], [1678, 1668], [1679, 1669], [1681, 1669], [1682, 1670], [1684, 1670], [1686, 1672], [1687, 1672], [1688, 1673], [1689, 1673], [1690, 1674], [1694, 1674], [1695, 1675], [1699, 1675], [1700, 1676], [1701, 1675], [1703, 1675], [1704, 1676], [1712, 1676], [1713, 1675], [1715, 1675], [1716, 1674], [1719, 1674], [1721, 1672], [1722, 1672], [1723, 1671], [1724, 1671], [1726, 1669], [1727, 1669], [1730, 1666], [1730, 1665], [1734, 1661], [1734, 1660], [1736, 1658], [1736, 1657], [1737, 1656], [1737, 1655], [1738, 1654], [1738, 1653], [1739, 1652], [1739, 1651], [1740, 1650], [1740, 1649], [1741, 1648], [1741, 1637], [1740, 1636], [1740, 1633], [1739, 1632], [1739, 1630], [1737, 1628], [1737, 1627], [1736, 1626], [1736, 1625], [1734, 1623], [1734, 1622], [1729, 1617], [1728, 1617], [1726, 1615], [1725, 1615], [1723, 1613], [1722, 1613], [1721, 1612], [1720, 1612], [1719, 1611], [1718, 1611], [1717, 1610], [1716, 1610], [1715, 1609], [1714, 1609], [1713, 1608], [1712, 1608], [1710, 1606], [1709, 1606], [1708, 1605], [1707, 1605], [1706, 1604], [1705, 1604], [1702, 1601], [1701, 1601], [1700, 1600], [1699, 1600], [1698, 1599], [1697, 1599], [1696, 1598], [1693, 1598], [1691, 1596], [1688, 1596], [1687, 1595]]","[[1635, 1647], [1667, 1583], [1752, 1626], [1720, 1689]]",0.96439695,pixels
44,MHR.6693.jpg,avicularium,71.48191833496094,89.31884765625,3894.0,237.27921879291534,0.9855732725892179,0.8691333274580563,0.8256881633002142,77.07463073730469,63.639610290527344,45.0,206,2050,0.16387800176742895,0.0013041728022740121,4.3272031191319155e-05,4.443149596985092e-07,5.315584075654834e-13,2.9614939204834175e-09,1.8743112357901702e-12,"[[188, 2012], [184, 2016], [184, 2017], [179, 2022], [179, 2023], [178, 2024], [178, 2025], [177, 2026], [177, 2027], [176, 2028], [176, 2030], [175, 2031], [175, 2032], [174, 2033], [174, 2034], [173, 2035], [173, 2041], [172, 2042], [172, 2045], [173, 2046], [173, 2051], [174, 2052], [174, 2053], [175, 2054], [175, 2057], [176, 2058], [176, 2059], [177, 2060], [177, 2061], [178, 2062], [178, 2063], [181, 2066], [181, 2067], [182, 2068], [182, 2069], [185, 2072], [185, 2073], [186, 2074], [186, 2076], [195, 2085], [196, 2085], [198, 2087], [200, 2087], [202, 2089], [214, 2089], [215, 2088], [216, 2088], [217, 2087], [218, 2087], [219, 2086], [220, 2086], [221, 2085], [222, 2085], [223, 2084], [224, 2084], [230, 2078], [231, 2078], [235, 2074], [235, 2073], [236, 2072], [236, 2070], [237, 2069], [237, 2066], [238, 2065], [238, 2064], [239, 2063], [239, 2061], [240, 2060], [240, 2044], [239, 2043], [239, 2041], [238, 2040], [238, 2039], [234, 2035], [234, 2034], [233, 2033], [232, 2033], [229, 2030], [229, 2029], [219, 2019], [218, 2019], [216, 2017], [213, 2017], [212, 2016], [211, 2016], [210, 2015], [208, 2015], [207, 2014], [203, 2014], [202, 2013], [198, 2013], [197, 2012]]","[[155, 2045], [200, 2000], [254, 2054], [209, 2099]]",0.94956195,pixels
45,MHR.6693.jpg,avicularium,88.0234375,84.4417724609375,4883.0,267.96550965309143,0.9803252358964063,0.8545525821201622,0.9629629629629629,80.1859130859375,77.216064453125,81.8698959350586,1185,1503,0.16054403635071643,0.00031357763038001056,3.011441642581634e-07,1.1083427902321563e-08,1.489567888633057e-17,-1.4031681535647653e-10,-6.401486499100086e-16,"[[1176, 1464], [1175, 1465], [1169, 1465], [1168, 1466], [1167, 1466], [1166, 1467], [1165, 1467], [1164, 1468], [1162, 1468], [1161, 1469], [1161, 1470], [1160, 1471], [1159, 1471], [1157, 1473], [1156, 1473], [1156, 1474], [1154, 1476], [1154, 1477], [1150, 1481], [1150, 1482], [1148, 1484], [1148, 1485], [1147, 1486], [1147, 1487], [1146, 1488], [1146, 1492], [1145, 1493], [1145, 1494], [1146, 1495], [1146, 1501], [1147, 1502], [1147, 1505], [1148, 1506], [1148, 1508], [1149, 1509], [1149, 1512], [1150, 1513], [1150, 1514], [1151, 1515], [1151, 1516], [1152, 1517], [1152, 1518], [1155, 1521], [1155, 1523], [1156, 1524], [1156, 1525], [1158, 1527], [1158, 1528], [1159, 1529], [1159, 1530], [1160, 1531], [1161, 1531], [1162, 1532], [1163, 1532], [1166, 1535], [1166, 1537], [1167, 1538], [1167, 1540], [1168, 1541], [1170, 1541], [1171, 1542], [1197, 1542], [1198, 1541], [1203, 1541], [1204, 1540], [1204, 1539], [1206, 1537], [1208, 1537], [1209, 1536], [1211, 1536], [1215, 1532], [1216, 1532], [1217, 1531], [1218, 1531], [1221, 1528], [1221, 1527], [1222, 1526], [1222, 1523], [1223, 1522], [1223, 1519], [1224, 1518], [1224, 1509], [1225, 1508], [1224, 1507], [1224, 1501], [1223, 1500], [1223, 1496], [1220, 1493], [1220, 1489], [1218, 1487], [1218, 1484], [1217, 1484], [1216, 1483], [1216, 1482], [1215, 1481], [1215, 1480], [1214, 1479], [1214, 1478], [1206, 1470], [1205, 1470], [1203, 1468], [1202, 1468], [1201, 1467], [1200, 1467], [1199, 1466], [1198, 1466], [1197, 1465], [1193, 1465], [1192, 1464]]","[[1141, 1468], [1217, 1458], [1229, 1537], [1152, 1548]]",0.8414551,pixels
46,MHR.6693.jpg,ovicell,321.14703369140625,325.7412109375,67394.5,1059.2173793315887,0.9348985607768338,0.7548560215227286,0.7490890861088368,348.50616455078125,261.0621643066406,46.747467041015625,993,1739,0.1781068169490313,0.003152015386727524,0.0007917247518624698,3.521040206027887e-05,-5.316973974082433e-09,-1.846169396992988e-06,2.508158170740216e-09,"[[993, 1600], [992, 1601], [985, 1601], [984, 1602], [977, 1602], [976, 1603], [973, 1603], [972, 1604], [970, 1604], [969, 1605], [966, 1605], [965, 1606], [962, 1606], [961, 1607], [956, 1607], [955, 1608], [952, 1608], [951, 1609], [948, 1609], [947, 1610], [944, 1610], [943, 1611], [941, 1611], [940, 1612], [939, 1612], [938, 1613], [937, 1613], [935, 1615], [934, 1615], [933, 1616], [932, 1616], [930, 1618], [928, 1618], [927, 1619], [925, 1619], [924, 1620], [922, 1620], [921, 1621], [919, 1621], [917, 1623], [916, 1623], [905, 1634], [904, 1634], [901, 1637], [900, 1637], [897, 1640], [896, 1640], [891, 1645], [891, 1646], [889, 1648], [889, 1649], [888, 1650], [888, 1651], [886, 1653], [886, 1654], [882, 1658], [882, 1659], [881, 1660], [881, 1661], [880, 1662], [880, 1663], [878, 1665], [878, 1666], [877, 1667], [877, 1668], [876, 1669], [876, 1670], [874, 1672], [874, 1673], [870, 1677], [870, 1678], [868, 1680], [868, 1681], [866, 1683], [866, 1684], [865, 1685], [865, 1686], [861, 1690], [861, 1691], [859, 1693], [859, 1694], [858, 1695], [858, 1698], [857, 1699], [857, 1705], [856, 1706], [856, 1778], [857, 1779], [857, 1789], [858, 1790], [858, 1802], [859, 1803], [859, 1805], [860, 1806], [860, 1809], [861, 1810], [861, 1811], [862, 1812], [862, 1813], [863, 1814], [863, 1815], [864, 1816], [864, 1818], [865, 1819], [865, 1822], [866, 1823], [866, 1826], [867, 1827], [867, 1830], [868, 1831], [868, 1834], [869, 1835], [869, 1837], [870, 1838], [870, 1840], [871, 1841], [871, 1842], [872, 1843], [872, 1844], [873, 1845], [873, 1846], [874, 1847], [874, 1848], [875, 1849], [875, 1850], [876, 1851], [876, 1853], [877, 1854], [877, 1856], [878, 1857], [878, 1860], [879, 1861], [879, 1863], [880, 1864], [880, 1867], [881, 1868], [881, 1870], [882, 1871], [882, 1873], [883, 1874], [883, 1875], [885, 1877], [885, 1878], [886, 1879], [886, 1880], [887, 1881], [887, 1882], [889, 1884], [889, 1885], [890, 1886], [890, 1887], [892, 1889], [892, 1890], [896, 1894], [896, 1895], [897, 1896], [898, 1896], [902, 1900], [903, 1900], [905, 1902], [906, 1902], [907, 1903], [908, 1903], [910, 1905], [911, 1905], [914, 1908], [915, 1908], [917, 1910], [918, 1910], [919, 1911], [922, 1911], [923, 1912], [926, 1912], [927, 1913], [931, 1913], [932, 1914], [942, 1914], [943, 1915], [947, 1915], [948, 1916], [952, 1916], [953, 1917], [966, 1917], [967, 1916], [973, 1916], [974, 1915], [977, 1915], [978, 1914], [980, 1914], [981, 1913], [983, 1913], [984, 1912], [987, 1912], [989, 1910], [990, 1910], [992, 1908], [992, 1907], [994, 1905], [994, 1904], [995, 1903], [995, 1902], [996, 1901], [996, 1900], [998, 1898], [998, 1897], [1000, 1895], [1000, 1894], [1001, 1893], [1001, 1892], [1002, 1891], [1002, 1889], [1003, 1888], [1003, 1886], [1004, 1885], [1004, 1883], [1005, 1882], [1005, 1878], [1006, 1877], [1006, 1874], [1007, 1873], [1007, 1871], [1008, 1870], [1008, 1869], [1009, 1868], [1009, 1867], [1010, 1866], [1010, 1865], [1012, 1863], [1012, 1861], [1013, 1860], [1013, 1859], [1014, 1858], [1014, 1857], [1015, 1856], [1015, 1855], [1017, 1853], [1017, 1852], [1019, 1850], [1019, 1849], [1025, 1843], [1025, 1842], [1029, 1838], [1029, 1837], [1033, 1833], [1033, 1832], [1036, 1829], [1036, 1828], [1037, 1827], [1037, 1826], [1038, 1825], [1038, 1824], [1039, 1823], [1039, 1822], [1048, 1813], [1048, 1812], [1049, 1811], [1049, 1809], [1050, 1808], [1050, 1807], [1051, 1806], [1051, 1805], [1053, 1803], [1053, 1802], [1069, 1786], [1070, 1786], [1072, 1784], [1073, 1784], [1075, 1782], [1076, 1782], [1077, 1781], [1078, 1781], [1079, 1780], [1080, 1780], [1081, 1779], [1083, 1779], [1084, 1778], [1085, 1778], [1086, 1777], [1087, 1777], [1088, 1776], [1089, 1776], [1090, 1775], [1102, 1775], [1103, 1776], [1105, 1776], [1106, 1777], [1107, 1777], [1108, 1778], [1109, 1778], [1110, 1779], [1111, 1779], [1112, 1780], [1125, 1780], [1133, 1772], [1134, 1772], [1136, 1770], [1137, 1770], [1138, 1769], [1139, 1769], [1141, 1767], [1142, 1767], [1147, 1762], [1147, 1761], [1148, 1760], [1149, 1760], [1149, 1759], [1153, 1755], [1153, 1754], [1162, 1745], [1162, 1744], [1163, 1743], [1163, 1742], [1164, 1741], [1164, 1737], [1165, 1736], [1165, 1729], [1166, 1728], [1166, 1722], [1167, 1721], [1167, 1703], [1166, 1702], [1166, 1695], [1165, 1694], [1165, 1691], [1164, 1690], [1164, 1688], [1163, 1687], [1163, 1685], [1162, 1684], [1162, 1683], [1161, 1682], [1161, 1680], [1160, 1679], [1160, 1678], [1159, 1677], [1159, 1676], [1158, 1675], [1158, 1674], [1157, 1673], [1157, 1672], [1156, 1671], [1156, 1670], [1155, 1669], [1155, 1668], [1154, 1667], [1154, 1666], [1152, 1664], [1152, 1663], [1149, 1660], [1149, 1659], [1147, 1657], [1147, 1656], [1146, 1655], [1146, 1654], [1145, 1653], [1145, 1652], [1144, 1651], [1144, 1650], [1139, 1645], [1138, 1645], [1135, 1642], [1134, 1642], [1133, 1641], [1132, 1641], [1131, 1640], [1130, 1640], [1128, 1638], [1127, 1638], [1116, 1627], [1116, 1626], [1115, 1626], [1113, 1624], [1112, 1624], [1111, 1623], [1110, 1623], [1109, 1622], [1107, 1622], [1106, 1621], [1105, 1621], [1104, 1620], [1102, 1620], [1100, 1618], [1099, 1618], [1097, 1616], [1096, 1616], [1095, 1615], [1094, 1615], [1092, 1613], [1091, 1613], [1090, 1612], [1089, 1612], [1088, 1611], [1087, 1611], [1086, 1610], [1084, 1610], [1083, 1609], [1081, 1609], [1080, 1608], [1077, 1608], [1076, 1607], [1072, 1607], [1071, 1606], [1068, 1606], [1067, 1605], [1063, 1605], [1062, 1604], [1057, 1604], [1056, 1603], [1053, 1603], [1052, 1602], [1047, 1602], [1046, 1601], [1036, 1601], [1035, 1600]]","[[768, 1759], [1022, 1520], [1201, 1711], [947, 1949]]",0.99884605,pixels
47,MHR.6693.jpg,ovicell,312.8069152832031,302.2896728515625,64275.5,1021.4183887243271,0.9628350797300638,0.774190759190063,0.9956951222673067,291.998779296875,290.74176025390625,44.4212760925293,573,1253,0.16265736018234156,6.908172102809342e-06,0.00017948971880292472,9.633194319224253e-07,6.217655580449655e-12,-2.0370544725260772e-09,1.1036066146760949e-11,"[[569, 1119], [568, 1120], [559, 1120], [558, 1121], [550, 1121], [549, 1122], [546, 1122], [545, 1123], [543, 1123], [542, 1124], [539, 1124], [538, 1125], [528, 1125], [527, 1126], [524, 1126], [523, 1127], [519, 1127], [518, 1128], [514, 1128], [513, 1129], [506, 1129], [505, 1130], [502, 1130], [501, 1131], [499, 1131], [498, 1132], [497, 1132], [496, 1133], [495, 1133], [494, 1134], [493, 1134], [492, 1135], [490, 1135], [489, 1136], [486, 1136], [485, 1137], [482, 1137], [479, 1140], [478, 1140], [471, 1147], [469, 1147], [468, 1148], [466, 1148], [465, 1149], [462, 1149], [461, 1150], [460, 1150], [459, 1151], [458, 1151], [456, 1153], [455, 1153], [454, 1154], [454, 1155], [453, 1156], [453, 1158], [452, 1159], [452, 1160], [451, 1161], [451, 1163], [450, 1164], [450, 1165], [449, 1166], [448, 1166], [447, 1167], [446, 1167], [445, 1168], [444, 1168], [443, 1169], [442, 1169], [441, 1170], [440, 1170], [439, 1171], [438, 1171], [434, 1175], [434, 1180], [435, 1181], [435, 1188], [434, 1189], [434, 1191], [432, 1193], [432, 1194], [429, 1197], [429, 1198], [430, 1199], [430, 1202], [431, 1203], [431, 1206], [432, 1207], [432, 1208], [429, 1211], [429, 1212], [426, 1215], [426, 1218], [425, 1219], [426, 1220], [426, 1222], [429, 1225], [429, 1226], [430, 1227], [430, 1228], [431, 1229], [431, 1237], [430, 1238], [430, 1240], [431, 1241], [431, 1242], [432, 1243], [432, 1245], [433, 1246], [433, 1247], [434, 1248], [434, 1251], [435, 1252], [435, 1255], [436, 1256], [436, 1260], [437, 1261], [437, 1262], [438, 1263], [438, 1264], [439, 1265], [439, 1266], [441, 1268], [441, 1270], [442, 1271], [442, 1273], [443, 1274], [443, 1278], [444, 1279], [444, 1283], [445, 1284], [445, 1289], [446, 1290], [446, 1294], [447, 1295], [447, 1297], [448, 1298], [448, 1299], [449, 1300], [449, 1301], [450, 1302], [450, 1303], [451, 1304], [451, 1306], [452, 1307], [452, 1309], [453, 1310], [453, 1311], [454, 1312], [454, 1314], [455, 1315], [455, 1319], [456, 1320], [456, 1326], [457, 1327], [457, 1329], [458, 1330], [458, 1331], [459, 1332], [459, 1333], [461, 1335], [461, 1336], [462, 1337], [462, 1338], [464, 1340], [464, 1341], [465, 1342], [465, 1343], [466, 1344], [466, 1345], [467, 1346], [467, 1348], [472, 1353], [473, 1353], [479, 1359], [479, 1360], [482, 1363], [483, 1363], [486, 1366], [486, 1367], [488, 1369], [488, 1370], [490, 1372], [491, 1372], [493, 1374], [494, 1374], [495, 1375], [496, 1375], [497, 1376], [498, 1376], [499, 1377], [500, 1377], [501, 1378], [502, 1378], [510, 1386], [511, 1386], [517, 1392], [518, 1392], [519, 1393], [520, 1393], [521, 1394], [522, 1394], [523, 1395], [525, 1395], [526, 1396], [528, 1396], [529, 1397], [531, 1397], [532, 1398], [534, 1398], [535, 1399], [537, 1399], [538, 1400], [539, 1400], [541, 1402], [542, 1402], [544, 1404], [545, 1404], [546, 1405], [547, 1405], [548, 1406], [550, 1406], [551, 1407], [552, 1407], [553, 1408], [555, 1408], [556, 1409], [557, 1409], [558, 1410], [559, 1410], [561, 1412], [562, 1412], [563, 1413], [564, 1413], [565, 1414], [567, 1414], [568, 1415], [570, 1415], [571, 1416], [575, 1416], [576, 1417], [599, 1417], [600, 1416], [605, 1416], [607, 1414], [608, 1414], [610, 1412], [610, 1410], [611, 1409], [611, 1408], [612, 1407], [612, 1405], [613, 1404], [613, 1402], [614, 1401], [614, 1400], [615, 1399], [615, 1397], [616, 1396], [616, 1395], [617, 1394], [617, 1392], [618, 1391], [618, 1387], [617, 1386], [617, 1368], [618, 1367], [618, 1364], [619, 1363], [619, 1361], [620, 1360], [620, 1358], [621, 1357], [621, 1356], [622, 1355], [622, 1354], [624, 1352], [624, 1351], [625, 1350], [625, 1349], [628, 1346], [629, 1346], [630, 1345], [631, 1345], [632, 1344], [633, 1344], [634, 1343], [635, 1343], [636, 1342], [637, 1342], [638, 1341], [639, 1341], [640, 1342], [641, 1342], [643, 1344], [644, 1344], [646, 1346], [647, 1346], [649, 1348], [654, 1348], [655, 1347], [661, 1347], [662, 1346], [663, 1346], [665, 1344], [666, 1344], [667, 1343], [668, 1343], [669, 1342], [670, 1342], [671, 1341], [672, 1341], [674, 1339], [675, 1339], [676, 1338], [677, 1338], [679, 1336], [680, 1336], [681, 1335], [682, 1335], [689, 1328], [689, 1327], [694, 1322], [695, 1322], [696, 1321], [697, 1321], [699, 1319], [700, 1319], [703, 1316], [704, 1316], [708, 1312], [708, 1311], [710, 1309], [710, 1308], [712, 1306], [712, 1305], [713, 1304], [713, 1302], [714, 1301], [714, 1300], [715, 1299], [715, 1298], [717, 1296], [717, 1295], [718, 1294], [718, 1291], [719, 1290], [719, 1285], [720, 1284], [720, 1273], [721, 1272], [721, 1268], [722, 1267], [722, 1252], [721, 1251], [721, 1250], [722, 1249], [722, 1240], [721, 1239], [721, 1236], [720, 1235], [720, 1233], [719, 1232], [719, 1231], [718, 1230], [718, 1227], [719, 1226], [719, 1218], [718, 1217], [718, 1215], [717, 1214], [717, 1213], [715, 1211], [715, 1210], [714, 1209], [714, 1207], [713, 1206], [713, 1203], [712, 1202], [712, 1199], [711, 1198], [711, 1196], [710, 1195], [710, 1194], [708, 1192], [708, 1191], [707, 1190], [707, 1188], [706, 1187], [706, 1186], [704, 1184], [704, 1183], [703, 1182], [703, 1181], [701, 1179], [701, 1178], [700, 1177], [700, 1176], [699, 1175], [699, 1174], [697, 1172], [697, 1171], [696, 1170], [696, 1169], [693, 1166], [693, 1165], [688, 1160], [688, 1159], [686, 1157], [685, 1157], [680, 1152], [679, 1152], [677, 1150], [676, 1150], [674, 1148], [673, 1148], [671, 1146], [670, 1146], [667, 1143], [667, 1142], [664, 1139], [663, 1139], [661, 1137], [660, 1137], [658, 1135], [657, 1135], [655, 1133], [654, 1133], [653, 1132], [652, 1132], [651, 1131], [650, 1131], [649, 1130], [648, 1130], [647, 1129], [646, 1129], [645, 1128], [643, 1128], [642, 1127], [639, 1127], [638, 1126], [634, 1126], [633, 1125], [630, 1125], [629, 1124], [625, 1124], [624, 1123], [617, 1123], [616, 1122], [613, 1122], [612, 1121], [607, 1121], [606, 1120], [589, 1120], [588, 1119]]","[[362, 1247], [566, 1039], [774, 1243], [571, 1451]]",0.9983388,pixels
48,MHR.6693.jpg,ovicell,221.951904296875,259.048095703125,39728.5,782.1391713619232,0.9667242554019856,0.8161010905701156,0.9259395664075083,235.66017150878906,218.2070770263672,64.32318115234375,1798,2412,0.16457954449239093,0.0010221041894817415,9.112056804136728e-05,3.565033843303959e-06,5.5285042543557084e-11,1.1260260481003019e-07,3.2744581580307295e-11,"[[1803, 2291], [1802, 2292], [1792, 2292], [1791, 2293], [1789, 2293], [1788, 2294], [1786, 2294], [1785, 2295], [1784, 2295], [1783, 2296], [1781, 2296], [1780, 2297], [1779, 2297], [1778, 2298], [1777, 2298], [1776, 2299], [1775, 2299], [1773, 2301], [1772, 2301], [1771, 2302], [1770, 2302], [1769, 2303], [1768, 2303], [1767, 2304], [1765, 2304], [1764, 2305], [1763, 2305], [1762, 2306], [1761, 2306], [1760, 2307], [1759, 2307], [1758, 2308], [1757, 2308], [1756, 2309], [1755, 2309], [1754, 2310], [1753, 2310], [1752, 2311], [1751, 2311], [1749, 2313], [1748, 2313], [1743, 2318], [1742, 2318], [1741, 2319], [1740, 2319], [1738, 2321], [1737, 2321], [1735, 2323], [1734, 2323], [1727, 2330], [1727, 2331], [1725, 2333], [1725, 2334], [1724, 2335], [1724, 2336], [1723, 2337], [1723, 2338], [1719, 2342], [1719, 2343], [1716, 2346], [1716, 2347], [1715, 2348], [1715, 2349], [1713, 2351], [1713, 2352], [1711, 2354], [1711, 2355], [1706, 2360], [1706, 2361], [1705, 2362], [1705, 2364], [1704, 2365], [1704, 2366], [1703, 2367], [1703, 2369], [1702, 2370], [1702, 2372], [1701, 2373], [1701, 2375], [1700, 2376], [1700, 2379], [1699, 2380], [1699, 2387], [1698, 2388], [1698, 2398], [1697, 2399], [1697, 2421], [1698, 2422], [1698, 2436], [1699, 2437], [1699, 2451], [1700, 2452], [1700, 2460], [1701, 2461], [1701, 2464], [1702, 2465], [1702, 2467], [1704, 2469], [1704, 2470], [1705, 2471], [1705, 2472], [1706, 2473], [1706, 2474], [1707, 2475], [1707, 2478], [1708, 2479], [1708, 2486], [1709, 2487], [1709, 2493], [1710, 2494], [1710, 2499], [1711, 2500], [1711, 2504], [1718, 2511], [1718, 2512], [1720, 2514], [1720, 2515], [1721, 2516], [1721, 2517], [1722, 2518], [1722, 2519], [1723, 2520], [1723, 2522], [1727, 2526], [1728, 2526], [1729, 2527], [1730, 2527], [1731, 2528], [1732, 2528], [1733, 2529], [1734, 2529], [1735, 2530], [1736, 2530], [1739, 2533], [1739, 2534], [1741, 2536], [1741, 2537], [1743, 2539], [1743, 2540], [1744, 2541], [1748, 2541], [1749, 2542], [1755, 2542], [1756, 2543], [1767, 2543], [1768, 2542], [1772, 2542], [1773, 2541], [1775, 2541], [1779, 2537], [1779, 2536], [1781, 2534], [1781, 2533], [1783, 2531], [1784, 2531], [1785, 2530], [1791, 2530], [1791, 2529], [1792, 2528], [1792, 2527], [1794, 2525], [1794, 2524], [1797, 2521], [1797, 2520], [1799, 2518], [1800, 2518], [1801, 2517], [1802, 2517], [1803, 2516], [1804, 2516], [1805, 2515], [1807, 2515], [1814, 2508], [1815, 2508], [1818, 2505], [1819, 2505], [1823, 2501], [1825, 2501], [1826, 2500], [1828, 2500], [1829, 2499], [1833, 2499], [1834, 2498], [1839, 2498], [1840, 2497], [1848, 2497], [1849, 2496], [1851, 2496], [1852, 2495], [1863, 2495], [1864, 2494], [1866, 2494], [1867, 2493], [1870, 2493], [1871, 2492], [1875, 2492], [1876, 2491], [1879, 2491], [1880, 2490], [1881, 2490], [1884, 2487], [1884, 2486], [1886, 2484], [1886, 2483], [1888, 2481], [1888, 2480], [1890, 2478], [1890, 2476], [1891, 2475], [1891, 2472], [1892, 2471], [1892, 2467], [1893, 2466], [1893, 2462], [1894, 2461], [1894, 2460], [1895, 2459], [1895, 2458], [1896, 2457], [1896, 2456], [1897, 2455], [1897, 2454], [1898, 2453], [1898, 2452], [1899, 2451], [1899, 2450], [1900, 2449], [1900, 2441], [1901, 2440], [1901, 2436], [1902, 2435], [1902, 2434], [1903, 2433], [1903, 2432], [1904, 2431], [1904, 2429], [1905, 2428], [1905, 2426], [1906, 2425], [1906, 2422], [1907, 2421], [1907, 2407], [1908, 2406], [1908, 2403], [1909, 2402], [1908, 2401], [1908, 2400], [1907, 2399], [1907, 2397], [1906, 2396], [1906, 2395], [1905, 2394], [1905, 2391], [1904, 2390], [1904, 2388], [1903, 2387], [1903, 2386], [1902, 2385], [1902, 2382], [1901, 2381], [1901, 2369], [1900, 2368], [1900, 2360], [1899, 2359], [1899, 2353], [1898, 2352], [1898, 2350], [1897, 2349], [1897, 2347], [1896, 2346], [1896, 2345], [1893, 2342], [1893, 2341], [1891, 2339], [1891, 2338], [1890, 2337], [1890, 2336], [1889, 2335], [1889, 2334], [1888, 2333], [1888, 2332], [1887, 2331], [1887, 2330], [1884, 2327], [1883, 2327], [1881, 2325], [1880, 2325], [1878, 2323], [1877, 2323], [1872, 2318], [1871, 2318], [1865, 2312], [1864, 2312], [1863, 2311], [1862, 2311], [1858, 2307], [1857, 2307], [1856, 2306], [1855, 2306], [1854, 2305], [1853, 2305], [1852, 2304], [1851, 2304], [1850, 2303], [1849, 2303], [1847, 2301], [1846, 2301], [1845, 2300], [1843, 2300], [1842, 2299], [1841, 2299], [1840, 2298], [1839, 2298], [1838, 2297], [1836, 2297], [1835, 2296], [1833, 2296], [1832, 2295], [1830, 2295], [1829, 2294], [1828, 2294], [1827, 2293], [1825, 2293], [1824, 2292], [1812, 2292], [1811, 2291]]","[[1642, 2362], [1855, 2260], [1949, 2456], [1737, 2559]]",0.99770063,pixels
49,MHR.6693.jpg,ovicell,355.26220703125,335.796630859375,76883.5,1130.2123284339905,0.9306239786963626,0.7563502052712038,0.8209623555067531,349.4056396484375,286.848876953125,61.07357406616211,834,777,0.1716416295402734,0.001885845538652932,0.0003788480212427838,1.7913528330272417e-05,-1.3715370699631483e-09,-7.584060108495504e-07,-5.44644929417068e-10,"[[806, 630], [805, 631], [798, 631], [797, 632], [792, 632], [791, 633], [787, 633], [786, 634], [784, 634], [783, 635], [781, 635], [780, 636], [779, 636], [777, 638], [776, 638], [769, 645], [769, 646], [768, 647], [765, 647], [764, 648], [762, 648], [759, 651], [759, 654], [758, 655], [758, 658], [757, 659], [756, 659], [754, 661], [753, 661], [752, 662], [751, 662], [750, 663], [749, 663], [748, 664], [746, 664], [745, 665], [742, 665], [740, 667], [739, 667], [737, 669], [736, 669], [721, 684], [720, 684], [712, 692], [712, 693], [711, 694], [711, 696], [710, 697], [710, 701], [709, 702], [709, 706], [705, 710], [705, 711], [701, 715], [701, 716], [700, 717], [700, 718], [699, 719], [699, 721], [698, 722], [698, 723], [697, 724], [697, 725], [696, 726], [696, 727], [695, 728], [695, 729], [693, 731], [693, 732], [690, 735], [690, 736], [685, 741], [684, 741], [684, 745], [685, 746], [685, 755], [683, 757], [683, 758], [681, 760], [681, 761], [679, 763], [679, 769], [680, 770], [680, 772], [681, 773], [681, 776], [682, 777], [682, 778], [681, 779], [681, 780], [680, 781], [680, 782], [679, 783], [679, 787], [678, 788], [678, 799], [677, 800], [677, 807], [676, 808], [676, 824], [675, 825], [675, 838], [676, 839], [676, 851], [677, 852], [677, 854], [678, 855], [678, 857], [679, 858], [679, 859], [680, 860], [680, 861], [684, 865], [684, 866], [686, 868], [686, 869], [688, 871], [688, 872], [690, 874], [690, 875], [695, 880], [695, 881], [698, 884], [698, 885], [700, 887], [700, 888], [704, 892], [705, 892], [709, 896], [709, 897], [712, 900], [712, 901], [718, 907], [718, 908], [722, 912], [722, 913], [726, 917], [726, 918], [732, 924], [733, 924], [735, 926], [736, 926], [737, 927], [738, 927], [740, 929], [741, 929], [742, 930], [743, 930], [752, 939], [753, 939], [755, 941], [756, 941], [758, 943], [759, 943], [766, 950], [767, 950], [769, 952], [770, 952], [776, 958], [777, 958], [778, 959], [779, 959], [780, 960], [782, 960], [783, 959], [786, 959], [787, 958], [789, 958], [790, 957], [791, 957], [792, 956], [793, 956], [795, 954], [796, 954], [800, 950], [801, 950], [805, 946], [806, 946], [812, 940], [813, 940], [816, 937], [817, 937], [826, 928], [826, 927], [833, 920], [834, 920], [836, 918], [837, 918], [839, 916], [840, 916], [841, 915], [842, 915], [843, 914], [844, 914], [858, 900], [858, 899], [860, 897], [860, 896], [861, 895], [861, 894], [863, 892], [863, 891], [868, 886], [869, 886], [885, 870], [886, 870], [889, 867], [890, 867], [892, 865], [893, 865], [894, 864], [895, 864], [897, 862], [898, 862], [899, 861], [899, 860], [901, 858], [902, 858], [906, 854], [907, 854], [908, 853], [909, 853], [910, 852], [911, 852], [913, 850], [914, 850], [915, 849], [916, 849], [918, 847], [919, 847], [920, 846], [922, 846], [923, 845], [925, 845], [926, 844], [928, 844], [929, 843], [930, 843], [931, 842], [933, 842], [934, 841], [936, 841], [937, 840], [939, 840], [940, 839], [942, 839], [943, 838], [944, 838], [945, 837], [950, 837], [951, 838], [962, 838], [963, 837], [967, 837], [968, 836], [984, 836], [985, 835], [989, 835], [990, 834], [995, 834], [996, 833], [997, 833], [998, 834], [1003, 834], [1004, 835], [1011, 835], [1012, 834], [1013, 834], [1014, 833], [1015, 833], [1016, 832], [1017, 832], [1018, 831], [1019, 831], [1020, 830], [1021, 830], [1022, 829], [1022, 828], [1023, 827], [1023, 821], [1024, 820], [1024, 810], [1025, 809], [1025, 803], [1026, 802], [1026, 801], [1025, 800], [1025, 796], [1024, 795], [1024, 792], [1023, 791], [1023, 785], [1024, 784], [1024, 776], [1023, 775], [1023, 773], [1022, 772], [1022, 771], [1020, 769], [1019, 769], [1015, 765], [1015, 754], [1013, 752], [1013, 751], [1010, 748], [1010, 747], [1007, 744], [1006, 744], [1005, 743], [1005, 742], [1004, 741], [1004, 740], [1003, 739], [1003, 737], [1002, 736], [1002, 735], [1001, 734], [1001, 732], [1000, 731], [1000, 730], [999, 729], [999, 727], [998, 726], [998, 724], [997, 723], [997, 719], [996, 718], [996, 715], [995, 714], [995, 711], [994, 710], [994, 707], [993, 706], [993, 705], [992, 705], [985, 698], [985, 697], [983, 695], [982, 695], [979, 692], [979, 688], [978, 687], [978, 682], [975, 679], [974, 679], [971, 676], [970, 676], [969, 675], [968, 675], [967, 674], [966, 674], [964, 672], [963, 672], [958, 667], [958, 666], [950, 658], [949, 658], [948, 657], [947, 657], [946, 656], [945, 656], [943, 654], [942, 654], [940, 652], [939, 652], [938, 651], [937, 651], [936, 650], [935, 650], [934, 649], [933, 649], [932, 648], [930, 648], [929, 647], [928, 647], [927, 646], [926, 646], [925, 645], [924, 645], [923, 644], [922, 644], [919, 641], [918, 641], [916, 639], [915, 639], [913, 637], [912, 637], [911, 636], [910, 636], [909, 635], [908, 635], [907, 634], [903, 634], [902, 633], [897, 633], [896, 632], [888, 632], [887, 631], [823, 631], [822, 630]]","[[607, 730], [913, 561], [1052, 812], [746, 981]]",0.9915719,pixels
50,MHR.6693.jpg,ovicell,239.7821044921875,253.63742065429688,37724.5,789.9970352649689,0.947363795030198,0.759595587877201,0.9334042258642327,223.08734130859375,208.2306671142578,73.09072875976562,586,295,0.16324416010830123,0.00019123692829438885,9.927350871968699e-05,2.4884737920240335e-06,7.43953376111882e-12,3.399673011048789e-08,-3.839851614445567e-11,"[[583, 182], [582, 183], [567, 183], [566, 184], [563, 184], [562, 185], [558, 185], [557, 186], [555, 186], [554, 187], [553, 187], [552, 188], [550, 188], [549, 189], [543, 189], [542, 190], [540, 190], [539, 191], [538, 191], [537, 192], [535, 192], [534, 193], [532, 193], [531, 194], [530, 194], [529, 195], [528, 195], [525, 198], [524, 198], [522, 200], [521, 200], [519, 202], [518, 202], [513, 207], [513, 208], [509, 212], [509, 213], [508, 214], [507, 214], [506, 215], [506, 216], [503, 219], [503, 220], [501, 222], [501, 223], [500, 224], [500, 225], [496, 229], [496, 230], [494, 232], [494, 233], [493, 234], [493, 236], [492, 237], [492, 238], [491, 239], [491, 240], [490, 241], [490, 242], [489, 243], [489, 244], [488, 245], [488, 247], [487, 248], [487, 249], [486, 250], [486, 252], [485, 253], [485, 261], [484, 262], [484, 263], [482, 265], [482, 267], [481, 268], [481, 285], [480, 286], [480, 300], [481, 301], [481, 317], [482, 318], [482, 322], [483, 323], [483, 324], [484, 325], [484, 326], [488, 330], [489, 330], [490, 331], [491, 331], [493, 333], [493, 345], [494, 346], [494, 350], [495, 351], [495, 353], [496, 354], [496, 355], [497, 356], [497, 357], [498, 358], [498, 359], [499, 360], [499, 369], [500, 370], [504, 370], [505, 369], [509, 369], [510, 370], [516, 370], [520, 374], [521, 374], [522, 375], [523, 375], [524, 376], [525, 376], [529, 380], [529, 381], [530, 382], [530, 383], [531, 384], [531, 385], [532, 386], [532, 387], [533, 388], [533, 389], [532, 390], [532, 396], [531, 397], [532, 398], [532, 406], [533, 407], [536, 407], [537, 408], [542, 408], [547, 413], [547, 414], [550, 417], [560, 417], [562, 415], [562, 414], [565, 411], [566, 411], [567, 410], [568, 410], [569, 409], [570, 409], [572, 407], [573, 407], [575, 405], [576, 405], [578, 403], [579, 403], [581, 401], [583, 401], [584, 400], [585, 400], [586, 399], [587, 399], [591, 395], [592, 395], [593, 394], [594, 394], [595, 393], [597, 393], [598, 392], [600, 392], [601, 391], [603, 391], [604, 390], [606, 390], [607, 389], [608, 389], [609, 388], [610, 388], [611, 387], [612, 387], [613, 386], [615, 386], [616, 385], [619, 385], [620, 384], [623, 384], [624, 383], [627, 383], [628, 382], [631, 382], [632, 383], [636, 383], [637, 382], [641, 382], [642, 381], [647, 381], [648, 380], [675, 380], [676, 379], [685, 379], [686, 378], [688, 378], [690, 376], [690, 375], [694, 371], [694, 370], [695, 369], [696, 369], [697, 368], [702, 368], [703, 367], [704, 367], [704, 366], [705, 365], [705, 362], [706, 361], [705, 360], [705, 358], [704, 357], [704, 356], [703, 355], [703, 353], [702, 352], [702, 349], [701, 348], [701, 345], [700, 344], [700, 337], [699, 336], [699, 331], [698, 330], [698, 326], [697, 325], [697, 323], [696, 322], [696, 321], [695, 320], [695, 319], [694, 318], [694, 317], [693, 316], [693, 313], [692, 312], [692, 309], [691, 308], [691, 300], [690, 299], [690, 292], [689, 291], [689, 287], [687, 285], [687, 284], [686, 283], [686, 282], [685, 281], [685, 280], [684, 279], [684, 277], [683, 276], [683, 272], [682, 271], [682, 269], [681, 268], [681, 266], [680, 265], [680, 264], [679, 263], [679, 262], [678, 261], [678, 258], [677, 257], [677, 253], [676, 252], [676, 249], [675, 248], [675, 247], [674, 246], [674, 244], [673, 243], [673, 242], [672, 241], [672, 239], [671, 238], [671, 237], [669, 235], [669, 234], [668, 233], [668, 232], [667, 231], [667, 230], [666, 229], [666, 228], [665, 227], [665, 226], [663, 224], [662, 224], [659, 221], [659, 220], [651, 212], [650, 212], [646, 208], [645, 208], [637, 200], [636, 200], [634, 198], [633, 198], [632, 197], [631, 197], [629, 195], [628, 195], [627, 194], [626, 194], [625, 193], [624, 193], [623, 192], [622, 192], [621, 191], [619, 191], [618, 190], [616, 190], [615, 189], [613, 189], [612, 188], [611, 188], [610, 187], [607, 187], [606, 186], [604, 186], [603, 185], [601, 185], [600, 184], [597, 184], [596, 183], [588, 183], [587, 182]]","[[450, 217], [649, 156], [714, 370], [515, 430]]",0.91909635,pixels
51,MHR.6693.jpg,ovicell,213.4398193359375,180.4688720703125,25254.0,632.2152911424637,0.963562135144416,0.7939808881274888,0.808796166516036,198.24288940429688,160.3380889892578,81.42476654052734,1729,1354,0.16668039259296893,0.0012428688130279907,0.0002772661641962231,7.542381471226545e-06,-2.9168672262338545e-12,-1.5615906714547087e-08,-3.449019483656928e-10,"[[1703, 1272], [1702, 1273], [1696, 1273], [1695, 1274], [1692, 1274], [1691, 1275], [1689, 1275], [1688, 1276], [1685, 1276], [1684, 1277], [1682, 1277], [1681, 1278], [1680, 1278], [1679, 1279], [1677, 1279], [1676, 1280], [1675, 1280], [1673, 1282], [1672, 1282], [1658, 1296], [1657, 1296], [1655, 1298], [1655, 1299], [1653, 1301], [1653, 1302], [1652, 1303], [1652, 1305], [1651, 1306], [1651, 1308], [1650, 1309], [1650, 1310], [1649, 1311], [1649, 1312], [1648, 1313], [1648, 1314], [1647, 1315], [1647, 1316], [1646, 1317], [1646, 1319], [1645, 1320], [1645, 1321], [1644, 1322], [1644, 1323], [1643, 1324], [1643, 1325], [1642, 1326], [1642, 1332], [1641, 1333], [1641, 1334], [1640, 1335], [1640, 1336], [1639, 1337], [1639, 1339], [1638, 1340], [1638, 1344], [1637, 1345], [1638, 1346], [1638, 1352], [1637, 1353], [1637, 1357], [1636, 1358], [1636, 1381], [1637, 1382], [1637, 1394], [1638, 1395], [1638, 1398], [1639, 1399], [1639, 1400], [1642, 1403], [1642, 1404], [1645, 1407], [1645, 1408], [1646, 1408], [1648, 1410], [1649, 1410], [1651, 1412], [1651, 1413], [1654, 1416], [1654, 1417], [1655, 1418], [1655, 1420], [1657, 1422], [1658, 1422], [1659, 1423], [1660, 1423], [1661, 1424], [1662, 1424], [1663, 1425], [1664, 1425], [1666, 1427], [1667, 1427], [1668, 1428], [1669, 1428], [1670, 1429], [1671, 1429], [1673, 1431], [1674, 1431], [1675, 1432], [1676, 1432], [1678, 1434], [1681, 1434], [1682, 1435], [1697, 1435], [1698, 1434], [1700, 1434], [1701, 1433], [1709, 1433], [1710, 1432], [1713, 1432], [1714, 1431], [1719, 1431], [1720, 1430], [1724, 1430], [1725, 1429], [1727, 1429], [1728, 1428], [1730, 1428], [1731, 1427], [1732, 1427], [1733, 1426], [1737, 1426], [1738, 1425], [1741, 1425], [1742, 1424], [1745, 1424], [1746, 1423], [1749, 1423], [1750, 1422], [1752, 1422], [1753, 1421], [1754, 1421], [1755, 1420], [1757, 1420], [1758, 1419], [1760, 1419], [1761, 1418], [1764, 1418], [1765, 1417], [1770, 1417], [1771, 1416], [1772, 1416], [1774, 1414], [1775, 1414], [1776, 1413], [1778, 1413], [1779, 1412], [1781, 1412], [1782, 1411], [1784, 1411], [1785, 1410], [1790, 1410], [1791, 1409], [1792, 1409], [1793, 1408], [1801, 1408], [1803, 1410], [1804, 1410], [1805, 1411], [1806, 1411], [1807, 1412], [1818, 1412], [1821, 1415], [1822, 1415], [1823, 1416], [1824, 1415], [1824, 1410], [1828, 1406], [1829, 1406], [1831, 1404], [1831, 1396], [1832, 1395], [1832, 1366], [1831, 1365], [1831, 1351], [1830, 1350], [1830, 1349], [1828, 1347], [1828, 1346], [1827, 1345], [1827, 1344], [1826, 1343], [1826, 1342], [1825, 1341], [1825, 1340], [1824, 1339], [1824, 1338], [1823, 1338], [1821, 1336], [1820, 1336], [1816, 1332], [1816, 1331], [1815, 1330], [1815, 1329], [1814, 1328], [1814, 1326], [1813, 1325], [1814, 1324], [1814, 1322], [1815, 1321], [1815, 1318], [1814, 1317], [1814, 1316], [1812, 1314], [1812, 1313], [1811, 1312], [1810, 1312], [1808, 1310], [1807, 1310], [1805, 1308], [1804, 1308], [1802, 1306], [1802, 1305], [1796, 1299], [1795, 1299], [1793, 1297], [1792, 1297], [1787, 1292], [1786, 1292], [1784, 1290], [1783, 1290], [1781, 1288], [1780, 1288], [1778, 1286], [1777, 1286], [1775, 1284], [1774, 1284], [1772, 1282], [1771, 1282], [1769, 1280], [1768, 1280], [1767, 1279], [1766, 1279], [1765, 1278], [1764, 1278], [1763, 1277], [1762, 1277], [1760, 1275], [1759, 1275], [1758, 1274], [1756, 1274], [1755, 1273], [1744, 1273], [1743, 1272]]","[[1620, 1284], [1816, 1254], [1840, 1413], [1644, 1442]]",0.77575016,pixels
52,MHR.6693.jpg,ovicell,197.8131103515625,187.36029052734375,22345.0,606.6416962146759,0.9613647119562879,0.7630020563599945,0.9503844977267693,173.5821533203125,164.96978759765625,70.65567016601562,1393,828,0.16569618159276236,0.0001323250290274323,0.00044505948951270694,2.1816009577148276e-06,-6.639097978613248e-11,-1.0541813424329133e-08,1.4605594501422468e-11,"[[1393, 733], [1392, 734], [1385, 734], [1384, 735], [1381, 735], [1380, 736], [1377, 736], [1376, 737], [1375, 737], [1374, 738], [1373, 738], [1372, 739], [1371, 739], [1370, 740], [1369, 740], [1365, 744], [1364, 744], [1361, 747], [1361, 748], [1359, 750], [1359, 751], [1356, 754], [1356, 755], [1351, 760], [1351, 761], [1345, 767], [1345, 768], [1344, 769], [1344, 772], [1343, 773], [1343, 774], [1341, 776], [1341, 777], [1340, 778], [1340, 779], [1339, 780], [1339, 781], [1337, 783], [1336, 783], [1332, 787], [1332, 789], [1331, 790], [1331, 791], [1330, 792], [1330, 793], [1329, 794], [1329, 795], [1328, 796], [1328, 797], [1327, 798], [1327, 799], [1323, 803], [1323, 804], [1322, 805], [1322, 806], [1321, 807], [1321, 808], [1318, 811], [1318, 812], [1316, 814], [1316, 815], [1314, 817], [1314, 818], [1313, 819], [1313, 820], [1311, 822], [1311, 823], [1308, 826], [1308, 827], [1307, 828], [1307, 831], [1306, 832], [1306, 850], [1307, 851], [1307, 855], [1308, 856], [1308, 857], [1309, 858], [1309, 859], [1310, 860], [1310, 861], [1311, 862], [1311, 863], [1312, 864], [1312, 865], [1313, 866], [1313, 868], [1315, 870], [1315, 871], [1317, 873], [1317, 874], [1318, 875], [1318, 876], [1319, 877], [1319, 879], [1320, 880], [1320, 881], [1326, 887], [1326, 888], [1327, 889], [1328, 889], [1330, 891], [1331, 891], [1333, 893], [1334, 893], [1335, 894], [1336, 894], [1337, 895], [1338, 895], [1339, 896], [1340, 896], [1341, 897], [1342, 897], [1343, 898], [1345, 898], [1346, 899], [1347, 899], [1349, 901], [1350, 901], [1351, 902], [1352, 902], [1353, 903], [1355, 903], [1356, 904], [1357, 904], [1361, 908], [1362, 908], [1364, 910], [1366, 910], [1367, 911], [1370, 911], [1371, 912], [1373, 912], [1374, 913], [1375, 913], [1376, 914], [1381, 914], [1382, 915], [1389, 915], [1390, 914], [1394, 914], [1394, 913], [1397, 910], [1397, 909], [1400, 906], [1406, 906], [1407, 905], [1409, 905], [1410, 904], [1412, 904], [1413, 903], [1416, 903], [1417, 902], [1418, 902], [1419, 901], [1420, 901], [1421, 900], [1422, 900], [1423, 899], [1424, 899], [1425, 898], [1427, 898], [1428, 897], [1430, 897], [1431, 896], [1434, 896], [1435, 895], [1437, 895], [1438, 894], [1440, 894], [1441, 893], [1442, 893], [1444, 891], [1445, 891], [1447, 889], [1448, 889], [1449, 888], [1450, 888], [1451, 887], [1453, 887], [1454, 886], [1459, 886], [1460, 887], [1463, 887], [1464, 886], [1466, 886], [1467, 885], [1469, 885], [1470, 884], [1477, 884], [1478, 883], [1481, 883], [1482, 882], [1484, 882], [1485, 881], [1488, 881], [1489, 880], [1487, 878], [1487, 875], [1486, 874], [1486, 871], [1485, 870], [1485, 867], [1484, 866], [1484, 864], [1483, 863], [1483, 860], [1482, 859], [1482, 857], [1481, 856], [1481, 854], [1480, 853], [1480, 850], [1479, 849], [1479, 847], [1478, 846], [1478, 845], [1477, 844], [1477, 843], [1475, 841], [1475, 838], [1474, 837], [1474, 835], [1473, 834], [1472, 834], [1469, 831], [1469, 829], [1468, 828], [1468, 826], [1467, 825], [1467, 824], [1466, 823], [1466, 822], [1465, 821], [1465, 820], [1462, 817], [1462, 816], [1461, 815], [1461, 814], [1459, 812], [1459, 811], [1458, 810], [1458, 809], [1457, 808], [1457, 807], [1456, 806], [1456, 801], [1455, 800], [1455, 794], [1454, 793], [1454, 783], [1453, 782], [1453, 773], [1452, 772], [1452, 770], [1451, 769], [1451, 768], [1450, 767], [1450, 766], [1447, 763], [1447, 762], [1446, 761], [1446, 759], [1445, 758], [1445, 757], [1444, 756], [1444, 755], [1442, 753], [1442, 752], [1441, 752], [1438, 749], [1438, 748], [1429, 739], [1428, 739], [1427, 738], [1424, 738], [1423, 737], [1419, 737], [1418, 736], [1415, 736], [1414, 735], [1409, 735], [1408, 734], [1401, 734], [1400, 733]]","[[1277, 770], [1433, 716], [1490, 880], [1334, 934]]",0.7333919,pixels
53,MHR.6693.jpg,ovicell,249.140380859375,278.83349609375,42169.0,909.6955192089081,0.9015864192251775,0.6403406243884134,0.9780158383480608,244.34913635253906,238.97732543945312,83.5064697265625,1541,1857,0.1778023316664921,0.0016640923540151109,0.0006601251309028043,4.935683898850269e-05,5.9443650994860734e-09,6.449166407285635e-07,6.636015251429492e-09,"[[1611, 1741], [1610, 1742], [1605, 1742], [1604, 1743], [1603, 1743], [1602, 1744], [1601, 1744], [1600, 1745], [1599, 1745], [1598, 1746], [1597, 1746], [1596, 1747], [1594, 1747], [1593, 1748], [1591, 1748], [1590, 1749], [1589, 1749], [1588, 1750], [1586, 1750], [1585, 1751], [1582, 1751], [1581, 1752], [1578, 1752], [1577, 1753], [1574, 1753], [1573, 1754], [1572, 1754], [1570, 1756], [1570, 1757], [1569, 1758], [1568, 1758], [1567, 1757], [1558, 1757], [1557, 1758], [1553, 1758], [1552, 1759], [1551, 1759], [1550, 1758], [1547, 1758], [1546, 1757], [1543, 1757], [1542, 1756], [1541, 1757], [1537, 1757], [1536, 1758], [1532, 1758], [1531, 1757], [1530, 1757], [1529, 1756], [1526, 1756], [1525, 1755], [1524, 1755], [1523, 1756], [1515, 1756], [1514, 1755], [1512, 1755], [1511, 1754], [1508, 1754], [1507, 1753], [1506, 1753], [1505, 1754], [1501, 1754], [1500, 1755], [1488, 1755], [1487, 1756], [1485, 1756], [1484, 1757], [1483, 1757], [1482, 1758], [1481, 1758], [1480, 1759], [1476, 1759], [1475, 1760], [1472, 1760], [1468, 1764], [1467, 1764], [1463, 1768], [1461, 1768], [1460, 1767], [1459, 1767], [1457, 1765], [1456, 1765], [1454, 1763], [1453, 1763], [1452, 1764], [1452, 1765], [1448, 1769], [1448, 1770], [1447, 1771], [1447, 1773], [1446, 1774], [1446, 1775], [1445, 1776], [1445, 1778], [1443, 1780], [1443, 1781], [1442, 1782], [1442, 1783], [1441, 1784], [1441, 1786], [1440, 1787], [1440, 1788], [1439, 1789], [1440, 1790], [1440, 1791], [1441, 1792], [1441, 1795], [1442, 1796], [1442, 1802], [1441, 1803], [1441, 1808], [1440, 1809], [1441, 1810], [1441, 1813], [1442, 1814], [1442, 1816], [1443, 1817], [1443, 1824], [1442, 1825], [1442, 1831], [1443, 1832], [1443, 1841], [1442, 1842], [1442, 1844], [1441, 1845], [1441, 1850], [1440, 1851], [1440, 1860], [1439, 1861], [1439, 1864], [1438, 1865], [1438, 1868], [1437, 1869], [1437, 1871], [1436, 1872], [1436, 1875], [1435, 1876], [1435, 1879], [1434, 1880], [1434, 1886], [1433, 1887], [1433, 1890], [1434, 1891], [1434, 1896], [1435, 1897], [1435, 1905], [1436, 1906], [1436, 1914], [1437, 1915], [1437, 1924], [1438, 1925], [1438, 1951], [1439, 1952], [1439, 1961], [1440, 1962], [1440, 1972], [1441, 1973], [1441, 1977], [1442, 1978], [1442, 1983], [1443, 1984], [1443, 1988], [1444, 1989], [1444, 1991], [1446, 1993], [1446, 1994], [1449, 1997], [1449, 1998], [1451, 2000], [1451, 2001], [1453, 2003], [1453, 2004], [1461, 2004], [1462, 2003], [1463, 2003], [1465, 2001], [1466, 2001], [1468, 1999], [1469, 1999], [1470, 1998], [1471, 1998], [1471, 1997], [1475, 1993], [1475, 1992], [1477, 1990], [1477, 1989], [1482, 1984], [1483, 1984], [1486, 1981], [1487, 1981], [1489, 1979], [1491, 1979], [1492, 1978], [1494, 1978], [1495, 1977], [1496, 1977], [1498, 1975], [1498, 1973], [1499, 1972], [1499, 1971], [1501, 1969], [1501, 1968], [1502, 1967], [1502, 1966], [1504, 1964], [1504, 1963], [1508, 1959], [1509, 1959], [1510, 1958], [1510, 1957], [1511, 1956], [1511, 1955], [1513, 1953], [1513, 1952], [1514, 1951], [1514, 1950], [1516, 1948], [1516, 1947], [1522, 1941], [1523, 1941], [1525, 1939], [1535, 1939], [1536, 1938], [1537, 1938], [1538, 1937], [1539, 1937], [1540, 1936], [1541, 1936], [1542, 1935], [1551, 1935], [1552, 1934], [1561, 1934], [1562, 1933], [1563, 1933], [1564, 1932], [1566, 1932], [1567, 1931], [1568, 1931], [1569, 1930], [1570, 1931], [1571, 1931], [1572, 1932], [1573, 1932], [1574, 1933], [1575, 1933], [1576, 1934], [1577, 1934], [1578, 1935], [1580, 1935], [1581, 1936], [1583, 1936], [1584, 1937], [1585, 1937], [1586, 1938], [1590, 1938], [1591, 1939], [1597, 1939], [1597, 1938], [1600, 1935], [1600, 1934], [1603, 1931], [1604, 1931], [1608, 1927], [1609, 1927], [1611, 1925], [1612, 1925], [1613, 1924], [1618, 1924], [1619, 1925], [1625, 1925], [1626, 1924], [1633, 1924], [1634, 1923], [1642, 1923], [1643, 1922], [1649, 1922], [1651, 1920], [1652, 1920], [1658, 1914], [1659, 1914], [1661, 1912], [1662, 1912], [1665, 1909], [1666, 1909], [1667, 1908], [1667, 1906], [1668, 1905], [1668, 1901], [1669, 1900], [1669, 1874], [1668, 1873], [1668, 1862], [1667, 1861], [1667, 1858], [1666, 1857], [1666, 1856], [1665, 1855], [1665, 1854], [1664, 1853], [1664, 1852], [1663, 1851], [1663, 1850], [1662, 1849], [1662, 1845], [1661, 1844], [1661, 1839], [1660, 1838], [1660, 1834], [1659, 1833], [1659, 1830], [1658, 1829], [1658, 1828], [1657, 1827], [1657, 1826], [1656, 1825], [1656, 1824], [1655, 1823], [1655, 1822], [1654, 1821], [1654, 1818], [1653, 1817], [1653, 1814], [1652, 1813], [1652, 1810], [1651, 1809], [1651, 1807], [1650, 1806], [1650, 1805], [1649, 1804], [1649, 1803], [1648, 1802], [1648, 1801], [1647, 1800], [1647, 1799], [1646, 1798], [1646, 1796], [1645, 1795], [1645, 1793], [1644, 1792], [1644, 1790], [1643, 1789], [1643, 1787], [1642, 1786], [1642, 1784], [1641, 1783], [1641, 1781], [1640, 1780], [1640, 1779], [1639, 1778], [1639, 1776], [1638, 1775], [1638, 1773], [1637, 1772], [1637, 1770], [1636, 1769], [1636, 1768], [1635, 1767], [1635, 1765], [1634, 1764], [1634, 1763], [1633, 1762], [1633, 1761], [1631, 1759], [1631, 1758], [1630, 1757], [1630, 1756], [1628, 1754], [1628, 1753], [1621, 1746], [1620, 1746], [1618, 1744], [1617, 1744], [1614, 1741]]","[[1416, 1763], [1653, 1736], [1681, 1978], [1443, 2005]]",0.707049,pixels
54,MHR.6693.jpg,ovicell,285.662841796875,296.7701416015625,49782.0,894.5483320951462,0.9615808077881439,0.7817620495763571,0.9266504741729492,261.8566589355469,242.64959716796875,22.729732513427734,1265,1218,0.16308769565173858,0.00048151228587683373,0.00010208781278863253,1.3956250655152861e-06,1.2964991209503792e-11,2.141309734638724e-08,-1.0460401028717474e-11,"[[1257, 1084], [1256, 1085], [1254, 1085], [1253, 1086], [1251, 1086], [1250, 1087], [1246, 1087], [1245, 1088], [1239, 1088], [1238, 1089], [1237, 1089], [1236, 1090], [1236, 1091], [1233, 1094], [1232, 1094], [1229, 1097], [1228, 1097], [1227, 1098], [1224, 1098], [1223, 1099], [1221, 1099], [1220, 1100], [1218, 1100], [1216, 1102], [1215, 1102], [1204, 1113], [1203, 1113], [1192, 1124], [1192, 1126], [1191, 1127], [1191, 1129], [1190, 1130], [1190, 1133], [1180, 1143], [1180, 1144], [1179, 1145], [1179, 1146], [1178, 1147], [1178, 1148], [1177, 1149], [1177, 1151], [1176, 1152], [1176, 1153], [1175, 1154], [1175, 1156], [1174, 1157], [1174, 1158], [1173, 1159], [1173, 1160], [1172, 1161], [1172, 1163], [1171, 1164], [1171, 1165], [1170, 1166], [1170, 1169], [1169, 1170], [1169, 1173], [1168, 1174], [1168, 1176], [1164, 1180], [1164, 1181], [1159, 1186], [1159, 1194], [1158, 1195], [1158, 1198], [1157, 1199], [1157, 1200], [1155, 1202], [1155, 1203], [1150, 1208], [1150, 1211], [1149, 1212], [1149, 1218], [1146, 1221], [1146, 1222], [1145, 1223], [1145, 1224], [1144, 1225], [1144, 1227], [1143, 1228], [1143, 1229], [1142, 1230], [1142, 1231], [1141, 1232], [1141, 1233], [1140, 1234], [1140, 1235], [1139, 1236], [1139, 1238], [1138, 1239], [1138, 1241], [1137, 1242], [1137, 1245], [1136, 1246], [1136, 1247], [1135, 1248], [1135, 1249], [1134, 1250], [1134, 1251], [1132, 1253], [1132, 1254], [1130, 1256], [1130, 1257], [1129, 1258], [1129, 1259], [1128, 1260], [1128, 1263], [1127, 1264], [1127, 1266], [1126, 1267], [1126, 1281], [1132, 1287], [1133, 1287], [1135, 1289], [1136, 1289], [1138, 1291], [1139, 1291], [1140, 1292], [1140, 1293], [1142, 1295], [1142, 1296], [1147, 1301], [1149, 1301], [1150, 1302], [1151, 1302], [1152, 1303], [1152, 1312], [1154, 1314], [1155, 1314], [1156, 1315], [1163, 1315], [1164, 1314], [1167, 1314], [1168, 1315], [1170, 1315], [1171, 1316], [1174, 1316], [1175, 1317], [1189, 1317], [1190, 1318], [1194, 1318], [1195, 1319], [1198, 1319], [1199, 1320], [1201, 1320], [1202, 1321], [1203, 1321], [1204, 1322], [1205, 1322], [1206, 1323], [1207, 1323], [1216, 1332], [1217, 1332], [1221, 1336], [1222, 1336], [1225, 1339], [1226, 1339], [1228, 1341], [1230, 1341], [1231, 1342], [1232, 1342], [1233, 1343], [1234, 1343], [1236, 1345], [1237, 1345], [1238, 1346], [1242, 1346], [1243, 1347], [1246, 1347], [1247, 1348], [1248, 1348], [1249, 1347], [1250, 1347], [1251, 1346], [1252, 1346], [1253, 1345], [1254, 1345], [1256, 1343], [1257, 1343], [1258, 1342], [1260, 1342], [1261, 1341], [1264, 1341], [1265, 1340], [1268, 1340], [1269, 1339], [1272, 1339], [1273, 1338], [1277, 1338], [1278, 1337], [1280, 1337], [1281, 1336], [1282, 1336], [1283, 1335], [1284, 1335], [1287, 1332], [1288, 1332], [1289, 1331], [1290, 1331], [1291, 1330], [1293, 1330], [1294, 1329], [1295, 1329], [1296, 1328], [1297, 1328], [1298, 1327], [1311, 1327], [1312, 1326], [1313, 1326], [1314, 1325], [1315, 1325], [1316, 1324], [1317, 1324], [1317, 1323], [1321, 1319], [1323, 1319], [1325, 1317], [1326, 1317], [1328, 1315], [1329, 1315], [1330, 1314], [1332, 1314], [1333, 1313], [1341, 1313], [1342, 1312], [1343, 1312], [1344, 1311], [1345, 1311], [1346, 1310], [1347, 1310], [1348, 1309], [1349, 1309], [1350, 1308], [1354, 1308], [1355, 1307], [1360, 1307], [1361, 1306], [1363, 1306], [1364, 1305], [1365, 1305], [1366, 1304], [1367, 1304], [1368, 1303], [1370, 1303], [1375, 1298], [1375, 1297], [1376, 1296], [1376, 1294], [1377, 1293], [1377, 1282], [1376, 1281], [1376, 1271], [1375, 1270], [1375, 1249], [1376, 1248], [1376, 1245], [1377, 1244], [1377, 1241], [1378, 1240], [1378, 1238], [1379, 1237], [1379, 1236], [1381, 1234], [1381, 1233], [1383, 1231], [1383, 1230], [1384, 1229], [1384, 1228], [1392, 1220], [1392, 1219], [1393, 1218], [1393, 1217], [1394, 1216], [1394, 1214], [1395, 1213], [1395, 1212], [1396, 1211], [1396, 1209], [1397, 1208], [1397, 1202], [1398, 1201], [1398, 1195], [1397, 1194], [1397, 1192], [1396, 1191], [1396, 1189], [1395, 1188], [1395, 1186], [1394, 1185], [1394, 1181], [1393, 1180], [1393, 1176], [1392, 1175], [1392, 1174], [1391, 1173], [1391, 1172], [1389, 1170], [1389, 1169], [1388, 1168], [1388, 1167], [1387, 1166], [1387, 1165], [1386, 1164], [1386, 1163], [1385, 1162], [1385, 1161], [1384, 1160], [1384, 1159], [1383, 1158], [1383, 1157], [1382, 1156], [1382, 1155], [1381, 1154], [1381, 1153], [1378, 1150], [1378, 1149], [1377, 1148], [1377, 1147], [1375, 1145], [1375, 1144], [1374, 1143], [1374, 1142], [1371, 1139], [1371, 1138], [1370, 1138], [1367, 1135], [1367, 1134], [1360, 1127], [1359, 1127], [1358, 1126], [1357, 1126], [1356, 1125], [1355, 1125], [1354, 1124], [1352, 1124], [1350, 1122], [1349, 1122], [1348, 1121], [1347, 1121], [1346, 1120], [1345, 1120], [1341, 1116], [1341, 1115], [1340, 1114], [1340, 1113], [1339, 1112], [1337, 1112], [1336, 1111], [1335, 1111], [1334, 1110], [1333, 1110], [1332, 1109], [1331, 1109], [1330, 1108], [1329, 1108], [1328, 1107], [1326, 1107], [1325, 1106], [1323, 1106], [1322, 1105], [1319, 1105], [1318, 1104], [1315, 1104], [1314, 1103], [1312, 1103], [1311, 1102], [1310, 1102], [1308, 1100], [1307, 1100], [1301, 1094], [1301, 1093], [1299, 1091], [1297, 1091], [1296, 1092], [1288, 1092], [1285, 1089], [1284, 1089], [1282, 1087], [1281, 1087], [1280, 1086], [1275, 1086], [1274, 1087], [1267, 1087], [1266, 1086], [1265, 1086], [1264, 1085], [1261, 1085], [1260, 1084]]","[[1112, 1296], [1213, 1055], [1437, 1149], [1336, 1390]]",0.51314944,pixels
55,MHR.6693.jpg,ascopore,73.8133544921875,59.2266845703125,3083.0,211.33809292316437,0.9873498799039231,0.8674167825901556,0.8115942028985508,69.0,56.0,90.0,1202,573,0.1658059233380811,0.002043636204086177,1.9815123309162705e-05,2.597005192399119e-07,-2.4790369350981374e-14,-1.6791289613700147e-09,-5.886034021434203e-13,"[[1204, 545], [1203, 546], [1199, 546], [1198, 547], [1196, 547], [1195, 548], [1193, 548], [1192, 549], [1190, 549], [1189, 550], [1188, 550], [1187, 551], [1186, 551], [1185, 552], [1184, 552], [1181, 555], [1180, 555], [1175, 560], [1175, 561], [1173, 563], [1173, 564], [1172, 565], [1172, 566], [1170, 568], [1170, 569], [1169, 570], [1169, 571], [1168, 572], [1168, 573], [1167, 574], [1167, 585], [1168, 586], [1168, 588], [1169, 589], [1169, 590], [1175, 596], [1176, 596], [1178, 598], [1180, 598], [1181, 599], [1182, 599], [1183, 600], [1184, 600], [1185, 601], [1210, 601], [1211, 600], [1212, 600], [1213, 599], [1214, 599], [1215, 598], [1216, 598], [1217, 597], [1218, 597], [1220, 595], [1221, 595], [1222, 594], [1223, 594], [1226, 591], [1227, 591], [1228, 590], [1229, 590], [1229, 589], [1230, 588], [1230, 587], [1231, 586], [1231, 583], [1232, 582], [1232, 581], [1233, 580], [1233, 579], [1234, 578], [1234, 575], [1235, 574], [1235, 571], [1236, 570], [1236, 564], [1235, 563], [1235, 559], [1234, 558], [1234, 556], [1232, 554], [1232, 553], [1226, 547], [1225, 547], [1224, 546], [1221, 546], [1220, 545]]","[[1167, 545], [1236, 545], [1236, 601], [1167, 601]]",0.98602587,pixels
56,MHR.6693.jpg,ascopore,82.4036865234375,60.193603515625,3353.5,228.89444136619568,0.9840082159624414,0.8043363250052065,0.612021839584508,81.840087890625,50.087921142578125,63.43495178222656,401,2043,0.1806515825121886,0.007061599765855716,1.8674197013200927e-05,1.147008531022445e-06,3.0540338586745105e-12,4.657519709820259e-08,4.341996665803385e-12,"[[412, 2013], [411, 2014], [408, 2014], [407, 2015], [405, 2015], [404, 2016], [402, 2016], [401, 2017], [399, 2017], [398, 2018], [397, 2018], [396, 2019], [394, 2019], [393, 2020], [392, 2020], [391, 2021], [390, 2021], [389, 2022], [388, 2022], [387, 2023], [386, 2023], [384, 2025], [383, 2025], [382, 2026], [380, 2026], [377, 2029], [376, 2029], [368, 2037], [367, 2037], [367, 2038], [364, 2041], [364, 2044], [363, 2045], [363, 2048], [362, 2049], [362, 2054], [363, 2055], [363, 2056], [364, 2057], [364, 2059], [365, 2060], [365, 2061], [366, 2062], [366, 2065], [367, 2066], [367, 2067], [368, 2068], [368, 2069], [370, 2071], [401, 2071], [402, 2070], [403, 2070], [404, 2069], [406, 2069], [409, 2066], [411, 2066], [412, 2065], [413, 2065], [415, 2063], [417, 2063], [420, 2060], [421, 2060], [422, 2059], [424, 2059], [425, 2058], [426, 2058], [427, 2057], [428, 2057], [429, 2056], [430, 2056], [432, 2054], [433, 2054], [439, 2048], [439, 2047], [440, 2046], [440, 2045], [441, 2044], [441, 2033], [440, 2032], [440, 2030], [439, 2029], [439, 2028], [438, 2027], [438, 2026], [437, 2025], [437, 2024], [431, 2018], [430, 2018], [427, 2015], [425, 2015], [424, 2014], [422, 2014], [421, 2013]]","[[353, 2039], [426, 2002], [448, 2047], [375, 2084]]",0.97841597,pixels
57,MHR.6693.jpg,ascopore,70.37600708007812,60.251220703125,3181.0,213.33809351921082,0.9875814964296802,0.8782875239790102,0.8529411764705882,68.0,58.0,90.0,275,1413,0.16391369496477098,0.0013932304449187395,2.6499226083668735e-05,6.02568236422934e-07,2.110113766854344e-12,1.872237615001595e-08,1.1597709110028594e-12,"[[269, 1384], [268, 1385], [267, 1385], [266, 1386], [265, 1386], [262, 1389], [260, 1389], [257, 1392], [256, 1392], [249, 1399], [249, 1400], [247, 1402], [247, 1403], [245, 1405], [245, 1406], [244, 1407], [244, 1409], [243, 1410], [243, 1411], [242, 1412], [242, 1414], [241, 1415], [241, 1431], [242, 1432], [242, 1433], [245, 1436], [246, 1436], [247, 1437], [248, 1437], [250, 1439], [251, 1439], [252, 1440], [253, 1440], [254, 1441], [259, 1441], [260, 1442], [279, 1442], [280, 1441], [286, 1441], [287, 1440], [288, 1440], [289, 1439], [291, 1439], [293, 1437], [294, 1437], [298, 1433], [298, 1432], [300, 1430], [301, 1430], [302, 1429], [302, 1428], [307, 1423], [307, 1421], [308, 1420], [308, 1417], [309, 1416], [309, 1403], [308, 1402], [308, 1400], [306, 1398], [306, 1397], [304, 1395], [304, 1394], [301, 1391], [301, 1390], [300, 1390], [299, 1389], [298, 1389], [297, 1388], [296, 1388], [295, 1387], [294, 1387], [293, 1386], [291, 1386], [290, 1385], [286, 1385], [285, 1384]]","[[241, 1384], [309, 1384], [309, 1442], [241, 1442]]",0.97675896,pixels
58,MHR.6693.jpg,ascopore,75.02105712890625,66.978515625,3559.5,228.4091614484787,0.988612692681572,0.857376987294431,0.875,72.0,63.0,90.0,909,2359,0.16913996630125944,0.003189128588575221,3.480967564313411e-06,1.9229357035363537e-07,1.5416288356766526e-13,9.454613685504853e-09,-3.1382984529613103e-14,"[[914, 2327], [913, 2328], [911, 2328], [910, 2329], [908, 2329], [907, 2330], [906, 2330], [905, 2331], [903, 2331], [902, 2332], [901, 2332], [900, 2333], [899, 2333], [898, 2334], [897, 2334], [895, 2336], [894, 2336], [893, 2337], [892, 2337], [888, 2341], [887, 2341], [882, 2346], [882, 2347], [880, 2349], [879, 2349], [879, 2350], [877, 2352], [877, 2354], [875, 2356], [875, 2360], [874, 2361], [874, 2379], [875, 2380], [875, 2382], [876, 2383], [876, 2384], [879, 2387], [880, 2387], [883, 2390], [914, 2390], [915, 2389], [916, 2389], [917, 2388], [918, 2388], [919, 2387], [920, 2387], [921, 2386], [922, 2386], [923, 2385], [924, 2385], [928, 2381], [929, 2381], [930, 2380], [930, 2379], [932, 2377], [933, 2377], [940, 2370], [940, 2369], [941, 2368], [941, 2367], [943, 2365], [943, 2364], [944, 2363], [944, 2361], [945, 2360], [945, 2355], [946, 2354], [946, 2345], [945, 2344], [945, 2341], [944, 2340], [944, 2339], [943, 2338], [943, 2337], [941, 2335], [941, 2334], [940, 2334], [936, 2330], [935, 2330], [934, 2329], [932, 2329], [931, 2328], [930, 2328], [929, 2327]]","[[874, 2327], [946, 2327], [946, 2390], [874, 2390]]",0.95995927,pixels
59,MHR.6693.jpg,ascopore,61.6212158203125,56.4766845703125,2416.5,183.92388010025024,0.9873340143003064,0.8976776714817052,0.8045977809773127,61.51828384399414,49.497474670410156,45.0,1140,1966,0.16325309904011198,0.0012624939427120499,3.0389426484331747e-06,3.759921209143483e-08,1.2556928842517402e-14,1.2650044578204898e-09,1.963568155985528e-15,"[[1139, 1940], [1138, 1941], [1135, 1941], [1134, 1942], [1133, 1942], [1132, 1943], [1130, 1943], [1128, 1945], [1127, 1945], [1116, 1956], [1116, 1957], [1115, 1958], [1115, 1959], [1113, 1961], [1113, 1962], [1111, 1964], [1111, 1976], [1112, 1977], [1112, 1978], [1113, 1979], [1113, 1981], [1117, 1985], [1117, 1986], [1121, 1990], [1122, 1990], [1124, 1992], [1128, 1992], [1129, 1993], [1144, 1993], [1145, 1992], [1148, 1992], [1150, 1990], [1151, 1990], [1161, 1980], [1162, 1980], [1162, 1979], [1166, 1975], [1166, 1974], [1168, 1972], [1168, 1970], [1169, 1969], [1169, 1953], [1168, 1952], [1168, 1951], [1167, 1950], [1167, 1949], [1163, 1945], [1162, 1945], [1160, 1943], [1159, 1943], [1158, 1942], [1157, 1942], [1156, 1941], [1153, 1941], [1152, 1940]]","[[1101, 1970], [1145, 1927], [1180, 1962], [1136, 2005]]",0.9577691,pixels
60,MHR.6693.jpg,ascopore,63.84112548828125,62.18048095703125,2255.0,187.48022997379303,0.9804347826086957,0.8062049402331103,0.6045989410336093,68.12494659423828,41.188270568847656,46.54815673828125,219,449,0.18230773534432088,0.007177408453155791,0.00022494558046485172,9.585115011473185e-06,-4.4449505679458065e-10,-8.08863775852562e-07,2.2744027648426335e-11,"[[230, 419], [229, 420], [228, 420], [227, 421], [224, 421], [222, 423], [221, 423], [220, 424], [219, 424], [215, 428], [214, 428], [214, 429], [211, 432], [210, 432], [196, 446], [195, 446], [189, 452], [189, 453], [188, 454], [188, 456], [187, 457], [187, 459], [188, 460], [188, 465], [195, 472], [196, 472], [197, 473], [198, 473], [199, 474], [200, 474], [201, 475], [219, 475], [220, 474], [222, 474], [223, 473], [224, 473], [226, 471], [227, 471], [229, 469], [230, 469], [237, 462], [238, 462], [238, 461], [239, 460], [239, 459], [241, 457], [241, 456], [243, 454], [243, 453], [244, 452], [244, 451], [245, 450], [245, 449], [246, 448], [246, 442], [247, 441], [247, 434], [246, 433], [246, 429], [245, 428], [245, 427], [243, 425], [243, 424], [241, 422], [240, 422], [238, 420], [237, 420], [236, 419]]","[[181, 458], [231, 411], [259, 441], [210, 488]]",0.95741194,pixels
61,MHR.6693.jpg,ascopore,72.40606689453125,67.78057861328125,3360.0,222.7939373254776,0.9838945827232797,0.8506333469766919,0.7596153427179275,73.53910827636719,55.86143493652344,45.0,1011,1023,0.16584827796511709,0.0019718769411402374,1.7845365016402903e-05,3.173139613400237e-07,-7.54286132451434e-13,-1.4090585768948742e-08,3.474887107938042e-14,"[[1015, 989], [1014, 990], [1010, 990], [1009, 991], [1008, 991], [1001, 998], [1000, 998], [999, 999], [998, 999], [998, 1000], [994, 1004], [993, 1004], [989, 1008], [988, 1008], [982, 1014], [982, 1015], [981, 1016], [981, 1017], [980, 1018], [980, 1019], [979, 1020], [979, 1023], [978, 1024], [978, 1027], [977, 1028], [977, 1036], [978, 1037], [978, 1040], [979, 1041], [979, 1042], [983, 1046], [983, 1047], [985, 1049], [986, 1049], [988, 1051], [988, 1052], [989, 1052], [990, 1053], [991, 1053], [992, 1054], [993, 1054], [994, 1055], [1019, 1055], [1020, 1054], [1021, 1054], [1022, 1053], [1022, 1052], [1025, 1049], [1026, 1049], [1027, 1048], [1027, 1047], [1028, 1046], [1029, 1046], [1031, 1044], [1031, 1043], [1033, 1041], [1034, 1041], [1034, 1040], [1039, 1035], [1039, 1034], [1041, 1032], [1041, 1031], [1042, 1030], [1042, 1029], [1043, 1028], [1043, 1027], [1044, 1026], [1044, 1025], [1045, 1024], [1045, 1021], [1046, 1020], [1046, 1013], [1045, 1012], [1045, 1009], [1043, 1007], [1043, 1006], [1042, 1005], [1042, 1004], [1041, 1003], [1041, 1002], [1039, 1000], [1039, 999], [1031, 991], [1029, 991], [1028, 990], [1025, 990], [1024, 989], [1019, 989], [1018, 990], [1017, 989]]","[[966, 1030], [1018, 978], [1057, 1017], [1005, 1069]]",0.95275754,pixels
62,MHR.6693.jpg,ascopore,64.9447021484375,46.29736328125,2209.0,184.7106761932373,0.9757067137809188,0.8136199397853425,0.7096774193548387,62.0,44.0,90.0,1624,2108,0.17303044251918892,0.004404629102067247,2.218792241745512e-05,1.0820419425959837e-06,4.8080953315668784e-12,5.872080514332122e-08,-2.234154810449078e-12,"[[1615, 2087], [1614, 2088], [1613, 2088], [1610, 2091], [1609, 2091], [1607, 2093], [1606, 2093], [1600, 2099], [1599, 2099], [1597, 2101], [1597, 2102], [1596, 2103], [1596, 2106], [1595, 2107], [1595, 2121], [1596, 2122], [1596, 2123], [1597, 2124], [1597, 2125], [1598, 2126], [1599, 2126], [1602, 2129], [1604, 2129], [1605, 2130], [1607, 2130], [1608, 2131], [1626, 2131], [1627, 2130], [1633, 2130], [1634, 2129], [1635, 2129], [1634, 2128], [1636, 2126], [1637, 2126], [1638, 2125], [1640, 2125], [1642, 2123], [1643, 2123], [1646, 2120], [1647, 2120], [1648, 2119], [1649, 2119], [1650, 2118], [1652, 2118], [1653, 2117], [1653, 2115], [1654, 2114], [1654, 2113], [1655, 2112], [1655, 2109], [1656, 2108], [1656, 2103], [1657, 2102], [1657, 2099], [1656, 2098], [1656, 2096], [1655, 2095], [1655, 2094], [1654, 2093], [1653, 2093], [1652, 2092], [1651, 2092], [1648, 2089], [1648, 2088], [1646, 2088], [1645, 2087]]","[[1595, 2087], [1657, 2087], [1657, 2131], [1595, 2131]]",0.95020473,pixels
63,MHR.6693.jpg,ascopore,65.674560546875,55.50372314453125,2519.5,191.92387914657593,0.9816871225404247,0.8595402152047885,0.7999999040925047,63.639610290527344,50.91168212890625,45.0,1537,1044,0.1650250232618766,0.001586011812818647,6.531709085769952e-05,1.5359917084363109e-06,5.874347832196353e-12,2.021925269888703e-08,-1.4219332464989832e-11,"[[1535, 1017], [1534, 1018], [1532, 1018], [1531, 1019], [1529, 1019], [1523, 1025], [1523, 1027], [1520, 1030], [1520, 1031], [1519, 1032], [1517, 1032], [1511, 1038], [1511, 1039], [1509, 1041], [1508, 1041], [1508, 1042], [1507, 1043], [1507, 1044], [1506, 1045], [1506, 1055], [1507, 1056], [1507, 1059], [1513, 1065], [1514, 1065], [1515, 1066], [1516, 1066], [1517, 1067], [1518, 1067], [1519, 1068], [1520, 1068], [1521, 1069], [1522, 1069], [1523, 1070], [1530, 1070], [1531, 1071], [1539, 1071], [1540, 1070], [1544, 1070], [1546, 1068], [1548, 1068], [1549, 1067], [1550, 1067], [1551, 1066], [1552, 1066], [1554, 1064], [1555, 1064], [1559, 1060], [1560, 1060], [1562, 1058], [1562, 1057], [1564, 1055], [1564, 1054], [1565, 1053], [1565, 1050], [1566, 1049], [1566, 1047], [1567, 1046], [1567, 1033], [1565, 1031], [1565, 1030], [1564, 1029], [1564, 1028], [1562, 1026], [1562, 1025], [1561, 1024], [1561, 1023], [1559, 1021], [1558, 1021], [1556, 1019], [1555, 1019], [1554, 1018], [1551, 1018], [1550, 1017]]","[[1498, 1050], [1543, 1005], [1579, 1041], [1534, 1086]]",0.9484302,pixels
64,MHR.6693.jpg,ascopore,71.6243896484375,56.390869140625,2896.5,205.09545230865479,0.985204081632653,0.8653092287320902,0.7910447761194029,67.0,53.0,90.0,1843,1622,0.1654744693158569,0.001962317575864908,2.6567975995684955e-06,3.339437621555674e-08,8.213271997373087e-15,1.2630014575488014e-09,-5.6110302136029636e-15,"[[1849, 1596], [1848, 1597], [1841, 1597], [1840, 1598], [1833, 1598], [1832, 1599], [1830, 1599], [1829, 1600], [1826, 1600], [1824, 1602], [1823, 1602], [1819, 1606], [1818, 1606], [1817, 1607], [1817, 1608], [1811, 1614], [1811, 1616], [1810, 1617], [1810, 1620], [1809, 1621], [1809, 1628], [1810, 1629], [1809, 1630], [1809, 1631], [1810, 1632], [1810, 1635], [1811, 1636], [1811, 1637], [1812, 1638], [1812, 1639], [1815, 1642], [1816, 1642], [1818, 1644], [1819, 1644], [1820, 1645], [1821, 1645], [1822, 1646], [1823, 1646], [1824, 1647], [1825, 1647], [1826, 1648], [1828, 1648], [1829, 1649], [1851, 1649], [1852, 1648], [1853, 1648], [1854, 1647], [1856, 1647], [1857, 1646], [1858, 1646], [1859, 1645], [1860, 1645], [1862, 1643], [1863, 1643], [1865, 1641], [1866, 1641], [1867, 1640], [1868, 1640], [1871, 1637], [1872, 1637], [1874, 1635], [1874, 1634], [1875, 1633], [1875, 1630], [1876, 1629], [1876, 1612], [1875, 1611], [1875, 1609], [1871, 1605], [1871, 1604], [1869, 1602], [1868, 1602], [1865, 1599], [1864, 1599], [1863, 1598], [1861, 1598], [1860, 1597], [1857, 1597], [1856, 1596]]","[[1809, 1596], [1876, 1596], [1876, 1649], [1809, 1649]]",0.9469275,pixels
65,MHR.6693.jpg,ascopore,72.25872802734375,60.6505126953125,3253.5,223.4385987520218,0.9871055825242718,0.8189252780927467,0.8428571428571429,70.0,59.0,90.0,816,1449,0.17465576801802135,0.004825045031406545,4.298173918081867e-05,2.7172743064044387e-06,2.8280979369075693e-11,1.588151485708359e-07,7.908092101655607e-12,"[[810, 1420], [808, 1422], [806, 1422], [804, 1424], [804, 1425], [803, 1426], [802, 1426], [797, 1431], [797, 1432], [794, 1435], [794, 1436], [793, 1437], [793, 1438], [791, 1440], [791, 1441], [790, 1442], [790, 1443], [787, 1446], [787, 1447], [785, 1449], [785, 1450], [784, 1451], [784, 1452], [783, 1453], [783, 1456], [782, 1457], [782, 1476], [783, 1477], [783, 1478], [789, 1478], [790, 1479], [816, 1479], [817, 1478], [820, 1478], [821, 1477], [822, 1477], [824, 1475], [826, 1475], [830, 1471], [831, 1471], [832, 1470], [833, 1470], [833, 1469], [834, 1468], [835, 1468], [836, 1467], [837, 1467], [842, 1462], [843, 1462], [845, 1460], [845, 1459], [846, 1458], [846, 1457], [848, 1455], [849, 1455], [849, 1454], [850, 1453], [850, 1451], [851, 1450], [851, 1449], [852, 1448], [852, 1430], [851, 1429], [851, 1428], [847, 1424], [847, 1423], [846, 1422], [845, 1422], [843, 1420]]","[[782, 1420], [852, 1420], [852, 1479], [782, 1479]]",0.9432258,pixels
66,MHR.6693.jpg,ascopore,59.99169921875,56.23846435546875,2352.5,185.9238806962967,0.9787809444560016,0.8552028605943293,0.8045977809773127,61.51828384399414,49.497474670410156,45.0,480,948,0.16350020560162834,0.0009035273556406054,0.00013577616076203145,1.1625284570326295e-06,-1.1405968742462582e-11,-2.8526515851885224e-08,-9.122785570311212e-12,"[[478, 920], [477, 921], [476, 921], [463, 934], [462, 934], [460, 936], [460, 937], [457, 940], [457, 941], [455, 943], [455, 944], [453, 946], [453, 948], [452, 949], [452, 950], [451, 951], [451, 958], [452, 959], [452, 960], [453, 961], [453, 962], [454, 963], [454, 964], [458, 968], [459, 968], [461, 970], [462, 970], [463, 971], [464, 971], [465, 972], [466, 972], [467, 973], [475, 973], [476, 974], [477, 974], [478, 973], [479, 974], [487, 974], [488, 973], [492, 973], [494, 971], [495, 971], [499, 967], [499, 966], [500, 965], [500, 964], [501, 963], [502, 963], [505, 960], [506, 960], [506, 958], [507, 957], [507, 953], [508, 952], [508, 946], [507, 945], [507, 938], [506, 937], [506, 934], [503, 931], [503, 928], [502, 927], [502, 925], [501, 925], [497, 921], [494, 921], [493, 920]]","[[443, 953], [486, 909], [521, 944], [478, 988]]",0.93696433,pixels
67,MHR.6693.jpg,ascopore,67.00241088867188,46.05426788330078,2053.0,181.5391035079956,0.9695395513577332,0.7828137412344569,0.65625,64.0,42.0,90.0,445,39,0.18206775740230902,0.007231951002047031,0.00018029084539632106,1.2595028592188273e-05,4.409389846206731e-10,5.98310692212398e-07,-4.071800227947386e-10,"[[451, 18], [450, 19], [448, 19], [447, 20], [445, 20], [444, 21], [440, 21], [439, 22], [438, 22], [437, 23], [436, 23], [435, 24], [433, 24], [430, 27], [429, 27], [428, 28], [427, 28], [426, 29], [422, 29], [420, 31], [419, 31], [416, 34], [415, 34], [414, 35], [414, 36], [413, 37], [413, 40], [412, 41], [412, 48], [414, 50], [414, 51], [415, 51], [420, 56], [421, 56], [422, 57], [429, 57], [430, 58], [434, 58], [435, 59], [438, 59], [439, 60], [454, 60], [455, 59], [460, 59], [460, 58], [466, 52], [467, 52], [468, 51], [468, 50], [470, 48], [472, 48], [473, 47], [473, 46], [474, 45], [474, 44], [475, 43], [475, 40], [476, 39], [476, 29], [475, 28], [475, 26], [474, 25], [473, 25], [472, 24], [472, 23], [471, 22], [470, 22], [467, 19], [466, 19], [465, 18]]","[[412, 18], [476, 18], [476, 60], [412, 60]]",0.8879323,pixels
68,MHR.6693.jpg,ascopore,72.2783203125,49.397911071777344,2557.5,196.2670259475708,0.9827089337175793,0.8343164819502733,0.7058823529411765,68.0,48.0,90.0,1441,147,0.17272247237029834,0.004307115274081562,5.508110358987728e-05,1.6824746290538287e-06,-6.85192933199947e-12,-5.6088859343416e-08,-1.467587179313162e-11,"[[1445, 124], [1444, 125], [1439, 125], [1438, 126], [1435, 126], [1434, 127], [1432, 127], [1431, 128], [1428, 128], [1427, 129], [1425, 129], [1424, 130], [1423, 130], [1422, 131], [1420, 131], [1417, 134], [1416, 134], [1415, 135], [1414, 135], [1414, 136], [1412, 138], [1411, 138], [1408, 141], [1408, 142], [1406, 144], [1406, 153], [1407, 154], [1407, 155], [1408, 156], [1408, 157], [1410, 159], [1410, 160], [1415, 165], [1416, 165], [1418, 167], [1419, 167], [1420, 168], [1421, 168], [1422, 169], [1423, 169], [1424, 170], [1426, 170], [1427, 171], [1433, 171], [1434, 172], [1443, 172], [1444, 171], [1450, 171], [1451, 170], [1453, 170], [1454, 169], [1456, 169], [1457, 168], [1458, 168], [1460, 166], [1461, 166], [1464, 163], [1465, 163], [1472, 156], [1472, 154], [1473, 153], [1473, 150], [1474, 149], [1474, 137], [1473, 136], [1473, 133], [1471, 131], [1471, 130], [1470, 129], [1469, 129], [1468, 128], [1467, 128], [1466, 127], [1465, 127], [1464, 126], [1460, 126], [1459, 125], [1452, 125], [1451, 124]]","[[1406, 124], [1474, 124], [1474, 172], [1406, 172]]",0.8710918,pixels
69,MHR.6693.jpg,ascopore,89.7694091796875,57.359130859375,3782.0,251.68123853206635,0.9738637826702716,0.7502909423617398,0.6436781609195402,87.0,56.0,90.0,1369,1512,0.19187035773714273,0.0110635449839717,8.512952749452406e-05,9.56047420200356e-06,2.2729062185644323e-10,7.339488395976141e-07,1.507635650460328e-10,"[[1370, 1484], [1369, 1485], [1365, 1485], [1364, 1486], [1362, 1486], [1359, 1489], [1358, 1489], [1357, 1490], [1356, 1490], [1353, 1493], [1352, 1493], [1350, 1495], [1349, 1495], [1348, 1496], [1347, 1496], [1346, 1497], [1344, 1497], [1342, 1499], [1341, 1499], [1340, 1500], [1339, 1500], [1333, 1506], [1332, 1506], [1331, 1507], [1331, 1508], [1328, 1511], [1328, 1512], [1327, 1513], [1327, 1515], [1326, 1516], [1326, 1518], [1325, 1519], [1325, 1536], [1326, 1537], [1327, 1537], [1329, 1539], [1334, 1539], [1335, 1540], [1349, 1540], [1350, 1539], [1359, 1539], [1360, 1538], [1361, 1539], [1375, 1539], [1375, 1538], [1378, 1535], [1379, 1535], [1380, 1534], [1381, 1534], [1382, 1533], [1384, 1533], [1385, 1532], [1388, 1532], [1389, 1531], [1390, 1531], [1391, 1530], [1392, 1530], [1393, 1529], [1395, 1529], [1396, 1528], [1398, 1528], [1402, 1524], [1404, 1524], [1405, 1523], [1407, 1523], [1410, 1520], [1411, 1520], [1411, 1519], [1412, 1518], [1412, 1498], [1411, 1497], [1411, 1495], [1409, 1493], [1409, 1492], [1408, 1492], [1407, 1491], [1407, 1490], [1406, 1489], [1406, 1487], [1405, 1486], [1405, 1485], [1400, 1485], [1399, 1484]]","[[1325, 1484], [1412, 1484], [1412, 1540], [1325, 1540]]",0.8435164,pixels
70,MHR.6693.jpg,ascopore,78.1875,44.4354248046875,2352.0,193.53910410404205,0.9847184425371572,0.7890594559406322,0.5342465753424658,73.0,39.0,90.0,940,120,0.1911972365915012,0.011062323587241622,3.713461758994785e-06,3.481202381628825e-07,2.6719038787943666e-13,1.477258831902292e-08,2.920144119355851e-13,"[[938, 101], [937, 102], [923, 102], [922, 103], [922, 104], [921, 105], [919, 105], [917, 107], [916, 107], [915, 108], [914, 108], [913, 109], [912, 109], [912, 110], [910, 112], [910, 113], [907, 116], [907, 117], [905, 119], [905, 120], [904, 121], [904, 123], [903, 124], [903, 128], [905, 130], [905, 131], [910, 136], [911, 136], [912, 137], [913, 137], [914, 138], [915, 138], [916, 139], [919, 139], [920, 140], [952, 140], [953, 139], [955, 139], [956, 138], [958, 138], [959, 137], [960, 137], [961, 136], [962, 136], [963, 135], [965, 135], [966, 134], [967, 134], [974, 127], [974, 126], [975, 125], [975, 124], [976, 123], [976, 111], [970, 105], [969, 105], [968, 104], [966, 104], [965, 103], [964, 103], [963, 102], [958, 102], [957, 101]]","[[903, 101], [976, 101], [976, 140], [903, 140]]",0.80547786,pixels
71,MHR.6693.jpg,ascopore,69.7159423828125,57.42779541015625,2743.0,198.50966620445251,0.9842124147829207,0.874726640349169,0.84375,64.0,54.0,90.0,1767,639,0.16345873364980779,0.001184103172272473,5.354729215743077e-05,6.110793355924109e-07,1.5582484307689075e-12,6.831349909191713e-09,3.1290111997288218e-12,"[[1767, 613], [1766, 614], [1761, 614], [1760, 615], [1758, 615], [1757, 616], [1754, 616], [1753, 617], [1752, 617], [1751, 618], [1750, 618], [1749, 619], [1748, 619], [1747, 620], [1746, 620], [1744, 622], [1743, 622], [1743, 623], [1742, 624], [1742, 625], [1740, 627], [1739, 627], [1738, 628], [1738, 629], [1737, 630], [1737, 632], [1736, 633], [1736, 648], [1737, 649], [1737, 651], [1742, 656], [1742, 657], [1743, 657], [1747, 661], [1748, 661], [1753, 666], [1756, 666], [1757, 667], [1773, 667], [1774, 666], [1776, 666], [1777, 665], [1778, 665], [1779, 664], [1780, 664], [1781, 663], [1782, 663], [1786, 659], [1786, 658], [1789, 655], [1790, 655], [1794, 651], [1794, 650], [1795, 649], [1795, 648], [1798, 645], [1798, 644], [1799, 643], [1799, 642], [1800, 641], [1800, 627], [1799, 626], [1799, 625], [1796, 622], [1796, 621], [1793, 618], [1792, 618], [1791, 617], [1790, 617], [1788, 615], [1787, 615], [1786, 614], [1777, 614], [1776, 613]]","[[1736, 613], [1800, 613], [1800, 667], [1736, 667]]",0.7497737,pixels
72,MHR.6693.jpg,ascopore,69.15850830078125,53.072021484375,2538.5,199.0954520702362,0.9622820318423048,0.8047562395897703,0.710091761860681,67.59892272949219,48.00143814086914,60.2551155090332,679,524,0.17414761664798584,0.004106373753979678,0.0001849526528156718,7.080114748816813e-06,7.991741085333302e-11,1.6538057059282731e-07,-2.434238165256656e-10,"[[685, 496], [684, 497], [682, 497], [681, 498], [680, 498], [680, 500], [677, 503], [676, 503], [673, 506], [671, 506], [669, 508], [666, 508], [665, 509], [664, 509], [663, 510], [662, 510], [661, 511], [660, 511], [659, 512], [656, 512], [652, 516], [651, 516], [648, 519], [648, 520], [647, 521], [647, 523], [646, 524], [646, 528], [645, 529], [645, 532], [647, 534], [647, 537], [648, 538], [648, 539], [649, 540], [649, 541], [655, 547], [660, 547], [661, 548], [683, 548], [684, 547], [691, 547], [694, 544], [695, 544], [697, 542], [698, 542], [699, 541], [701, 541], [702, 540], [703, 540], [704, 539], [705, 539], [706, 538], [706, 537], [708, 535], [708, 534], [710, 532], [710, 527], [711, 526], [711, 520], [710, 519], [710, 512], [709, 511], [709, 510], [708, 509], [708, 508], [706, 506], [706, 505], [703, 502], [703, 501], [702, 500], [701, 500], [700, 499], [699, 499], [698, 498], [697, 498], [696, 497], [693, 497], [692, 496]]","[[638, 521], [696, 488], [720, 530], [661, 563]]",0.5605984,pixels
