,image_id,category,width(bbox),height(bbox),area,perimeter,solidity,circularity,eccentricity,majorAxis,minorAxis,angle,center_x,center_y,hu1,hu2,hu3,hu4,hu5,hu6,hu7,polygon,min_bbox_points,confidence,unit
0,MHR.7997.jpg,autozooid,389.35015869140625,434.1928405761719,113625.0,1348.4793540239334,0.9527462990680066,0.7852268784511351,0.7999374276031669,433.6773376464844,346.91473388671875,-44.21517562866211,1009,460,0.16514604446953818,0.0012228899770656203,2.762706250069914e-05,8.550465773051808e-07,3.632324170391093e-12,2.6491216801552226e-08,-2.01908049311013e-12,"[[958, 256], [957, 257], [954, 257], [953, 258], [950, 258], [949, 259], [947, 259], [946, 260], [945, 260], [944, 261], [943, 261], [942, 262], [941, 262], [940, 263], [939, 263], [938, 264], [936, 264], [935, 265], [933, 265], [932, 266], [931, 266], [930, 267], [928, 267], [927, 268], [926, 268], [925, 269], [923, 269], [922, 270], [921, 270], [920, 271], [919, 271], [917, 273], [916, 273], [912, 277], [912, 278], [911, 279], [910, 279], [907, 282], [906, 282], [904, 284], [903, 284], [901, 286], [900, 286], [891, 295], [890, 295], [886, 299], [885, 299], [880, 304], [880, 305], [870, 315], [870, 316], [865, 321], [865, 322], [861, 326], [861, 327], [859, 329], [859, 330], [858, 331], [858, 332], [857, 333], [857, 334], [856, 335], [856, 336], [855, 337], [855, 338], [854, 339], [854, 340], [853, 341], [853, 342], [846, 349], [846, 350], [845, 351], [845, 352], [844, 353], [844, 356], [843, 357], [843, 361], [842, 362], [842, 365], [841, 366], [841, 369], [840, 370], [840, 371], [839, 372], [839, 373], [834, 378], [834, 379], [832, 381], [832, 382], [831, 383], [831, 384], [830, 385], [830, 389], [829, 390], [829, 394], [828, 395], [828, 399], [827, 400], [827, 402], [826, 403], [826, 404], [825, 405], [825, 406], [823, 408], [823, 409], [819, 413], [819, 414], [818, 415], [818, 417], [817, 418], [817, 422], [816, 423], [816, 429], [815, 430], [815, 479], [816, 480], [816, 487], [817, 488], [817, 493], [818, 494], [818, 495], [824, 501], [824, 502], [826, 504], [826, 505], [827, 506], [827, 507], [828, 508], [828, 509], [829, 510], [829, 511], [831, 513], [831, 514], [834, 517], [835, 517], [841, 523], [841, 524], [842, 525], [842, 526], [849, 533], [850, 533], [856, 539], [856, 540], [860, 544], [861, 544], [863, 546], [864, 546], [865, 547], [867, 547], [868, 548], [869, 548], [870, 549], [871, 549], [872, 550], [873, 550], [875, 552], [876, 552], [885, 561], [886, 561], [888, 563], [889, 563], [890, 564], [891, 564], [898, 571], [898, 572], [902, 576], [903, 576], [904, 577], [905, 577], [906, 578], [907, 578], [909, 580], [910, 580], [920, 590], [921, 590], [923, 592], [924, 592], [926, 594], [927, 594], [928, 595], [929, 595], [931, 597], [932, 597], [937, 602], [937, 603], [942, 608], [943, 608], [945, 610], [946, 610], [948, 612], [949, 612], [951, 614], [951, 615], [953, 617], [953, 618], [954, 619], [954, 620], [966, 632], [966, 633], [967, 634], [967, 636], [968, 637], [968, 638], [970, 640], [970, 641], [972, 643], [972, 644], [976, 648], [976, 649], [977, 650], [977, 651], [978, 652], [978, 653], [979, 654], [979, 656], [980, 657], [980, 659], [981, 660], [981, 663], [982, 664], [982, 666], [983, 667], [983, 668], [984, 669], [984, 670], [985, 671], [985, 672], [986, 673], [986, 674], [988, 676], [992, 676], [993, 675], [998, 675], [999, 674], [1003, 674], [1004, 673], [1005, 673], [1006, 672], [1007, 672], [1008, 671], [1009, 671], [1010, 670], [1011, 670], [1012, 669], [1013, 669], [1014, 668], [1016, 668], [1017, 667], [1019, 667], [1020, 666], [1022, 666], [1023, 665], [1025, 665], [1026, 664], [1027, 664], [1028, 663], [1029, 663], [1030, 662], [1031, 662], [1032, 661], [1033, 661], [1034, 660], [1036, 660], [1037, 659], [1038, 659], [1039, 658], [1042, 658], [1043, 657], [1088, 657], [1089, 658], [1096, 658], [1097, 659], [1103, 659], [1104, 660], [1108, 660], [1109, 661], [1112, 661], [1113, 662], [1115, 662], [1116, 661], [1127, 661], [1128, 660], [1130, 660], [1131, 659], [1132, 659], [1133, 658], [1135, 658], [1136, 657], [1137, 657], [1138, 656], [1139, 656], [1140, 655], [1141, 655], [1142, 654], [1142, 653], [1143, 652], [1143, 651], [1144, 650], [1144, 649], [1145, 648], [1145, 644], [1146, 643], [1146, 638], [1147, 637], [1147, 629], [1148, 628], [1148, 619], [1149, 618], [1149, 614], [1150, 613], [1150, 610], [1151, 609], [1151, 607], [1152, 606], [1152, 604], [1153, 603], [1153, 602], [1154, 601], [1154, 600], [1156, 598], [1156, 597], [1157, 596], [1157, 594], [1158, 593], [1158, 592], [1159, 591], [1159, 589], [1160, 588], [1160, 583], [1161, 582], [1161, 576], [1162, 575], [1162, 570], [1163, 569], [1163, 566], [1164, 565], [1164, 563], [1165, 562], [1165, 561], [1166, 560], [1166, 559], [1167, 558], [1167, 557], [1169, 555], [1169, 554], [1171, 552], [1171, 551], [1172, 550], [1172, 549], [1173, 548], [1173, 547], [1174, 546], [1174, 544], [1175, 543], [1175, 541], [1176, 540], [1176, 538], [1177, 537], [1177, 536], [1178, 535], [1178, 534], [1179, 533], [1179, 532], [1181, 530], [1181, 529], [1184, 526], [1184, 525], [1185, 524], [1185, 523], [1186, 522], [1186, 521], [1187, 520], [1187, 518], [1188, 517], [1188, 515], [1189, 514], [1189, 512], [1190, 511], [1190, 509], [1191, 508], [1191, 506], [1192, 505], [1192, 504], [1193, 503], [1193, 502], [1194, 501], [1194, 500], [1196, 498], [1196, 497], [1198, 495], [1198, 494], [1199, 493], [1199, 491], [1200, 490], [1200, 487], [1201, 486], [1201, 482], [1202, 481], [1202, 467], [1203, 466], [1203, 453], [1202, 452], [1202, 443], [1201, 442], [1201, 440], [1200, 439], [1200, 437], [1199, 436], [1199, 435], [1198, 434], [1198, 433], [1197, 432], [1197, 431], [1194, 428], [1194, 427], [1193, 426], [1193, 425], [1192, 424], [1192, 423], [1191, 422], [1191, 421], [1190, 420], [1190, 418], [1189, 417], [1189, 416], [1188, 415], [1188, 414], [1187, 413], [1187, 412], [1178, 403], [1178, 402], [1177, 401], [1177, 400], [1176, 399], [1176, 398], [1170, 392], [1169, 392], [1163, 386], [1163, 385], [1161, 383], [1161, 382], [1158, 379], [1157, 379], [1155, 377], [1154, 377], [1153, 376], [1152, 376], [1145, 369], [1145, 368], [1142, 365], [1141, 365], [1140, 364], [1138, 364], [1137, 363], [1136, 363], [1135, 362], [1134, 362], [1133, 361], [1131, 361], [1130, 360], [1129, 360], [1128, 359], [1127, 359], [1122, 354], [1122, 353], [1120, 351], [1120, 350], [1117, 347], [1116, 347], [1114, 345], [1113, 345], [1109, 341], [1109, 340], [1107, 338], [1107, 336], [1106, 335], [1106, 334], [1105, 333], [1105, 332], [1104, 331], [1104, 330], [1103, 329], [1103, 328], [1100, 325], [1100, 324], [1098, 322], [1098, 321], [1096, 319], [1096, 318], [1095, 317], [1095, 315], [1094, 314], [1094, 312], [1093, 311], [1093, 308], [1092, 307], [1092, 302], [1091, 301], [1091, 296], [1090, 295], [1090, 292], [1089, 291], [1089, 289], [1087, 287], [1087, 286], [1084, 283], [1084, 282], [1082, 280], [1082, 279], [1081, 278], [1081, 277], [1080, 276], [1080, 275], [1078, 273], [1078, 272], [1075, 269], [1075, 268], [1074, 268], [1072, 266], [1063, 266], [1062, 265], [1058, 265], [1057, 266], [1052, 266], [1051, 267], [1045, 267], [1044, 268], [1043, 268], [1042, 267], [1027, 267], [1026, 266], [1020, 266], [1019, 265], [1015, 265], [1014, 264], [1010, 264], [1009, 263], [1006, 263], [1005, 262], [1003, 262], [1002, 261], [1001, 261], [1000, 260], [998, 260], [997, 259], [995, 259], [994, 258], [992, 258], [991, 257], [985, 257], [984, 256]]","[[1051, 741], [749, 430], [998, 188], [1300, 499]]",0.99998283,pixels
1,MHR.7997.jpg,autozooid,324.510986328125,432.74578857421875,91001.0,1209.8275512456894,0.9792160977053238,0.7812842833662165,0.6496991073737421,432.64215087890625,281.08721923828125,-39.289405822753906,1119,858,0.17784655177567832,0.0057634402979628,5.05881982285227e-05,3.4457975183850233e-06,3.825244777617161e-11,1.5875351297233164e-07,-2.462728188737491e-11,"[[1052, 659], [1051, 660], [1047, 660], [1046, 661], [1044, 661], [1043, 662], [1042, 662], [1041, 663], [1040, 663], [1039, 664], [1038, 664], [1037, 665], [1035, 665], [1034, 666], [1033, 666], [1032, 667], [1030, 667], [1029, 668], [1027, 668], [1026, 669], [1024, 669], [1023, 670], [1021, 670], [1020, 671], [1018, 671], [1017, 672], [1015, 672], [1014, 673], [1013, 673], [1012, 674], [1011, 674], [1010, 675], [1009, 675], [1008, 676], [1007, 676], [1002, 681], [1001, 681], [999, 683], [998, 683], [995, 686], [994, 686], [992, 688], [991, 688], [989, 690], [989, 691], [987, 693], [987, 699], [986, 700], [986, 724], [987, 725], [986, 726], [986, 741], [985, 742], [985, 746], [984, 747], [984, 750], [983, 751], [983, 754], [982, 755], [982, 757], [981, 758], [981, 759], [980, 760], [980, 761], [979, 762], [979, 763], [978, 764], [978, 765], [977, 766], [977, 768], [976, 769], [976, 772], [975, 773], [975, 776], [974, 777], [974, 781], [973, 782], [973, 786], [972, 787], [972, 796], [971, 797], [971, 804], [970, 805], [970, 812], [969, 813], [969, 819], [968, 820], [968, 825], [967, 826], [967, 832], [966, 833], [966, 836], [965, 837], [965, 841], [964, 842], [964, 845], [963, 846], [963, 865], [974, 876], [974, 877], [976, 879], [976, 880], [983, 887], [983, 888], [985, 890], [985, 891], [987, 893], [987, 894], [988, 895], [988, 896], [989, 897], [989, 898], [994, 903], [994, 904], [996, 906], [996, 907], [997, 908], [997, 909], [998, 910], [998, 911], [999, 912], [999, 913], [1001, 915], [1001, 916], [1006, 921], [1006, 922], [1007, 923], [1007, 924], [1008, 925], [1008, 926], [1009, 927], [1009, 929], [1010, 930], [1010, 931], [1011, 932], [1011, 933], [1013, 935], [1013, 936], [1016, 939], [1016, 940], [1017, 941], [1017, 942], [1018, 943], [1018, 944], [1019, 945], [1019, 946], [1020, 947], [1020, 948], [1021, 949], [1021, 950], [1022, 951], [1022, 952], [1023, 953], [1023, 954], [1024, 955], [1024, 956], [1026, 958], [1026, 959], [1028, 961], [1028, 962], [1030, 964], [1030, 965], [1031, 966], [1031, 967], [1033, 969], [1033, 970], [1034, 971], [1034, 972], [1035, 973], [1035, 974], [1044, 983], [1044, 984], [1047, 987], [1047, 988], [1051, 992], [1052, 992], [1058, 998], [1059, 998], [1068, 1007], [1069, 1007], [1071, 1009], [1072, 1009], [1077, 1014], [1077, 1015], [1079, 1017], [1079, 1018], [1080, 1019], [1080, 1020], [1086, 1026], [1086, 1027], [1089, 1030], [1089, 1031], [1090, 1032], [1090, 1033], [1091, 1034], [1091, 1036], [1092, 1037], [1092, 1038], [1093, 1039], [1093, 1040], [1095, 1042], [1095, 1043], [1097, 1045], [1097, 1046], [1098, 1047], [1098, 1048], [1099, 1049], [1099, 1050], [1101, 1052], [1101, 1053], [1107, 1059], [1108, 1059], [1109, 1060], [1110, 1060], [1111, 1061], [1112, 1061], [1116, 1065], [1117, 1065], [1119, 1067], [1121, 1067], [1122, 1068], [1124, 1068], [1125, 1069], [1127, 1069], [1128, 1070], [1134, 1070], [1135, 1071], [1146, 1071], [1147, 1072], [1187, 1072], [1188, 1071], [1196, 1071], [1197, 1070], [1202, 1070], [1203, 1069], [1205, 1069], [1206, 1068], [1209, 1068], [1210, 1067], [1211, 1067], [1219, 1059], [1220, 1059], [1223, 1056], [1223, 1055], [1225, 1053], [1225, 1052], [1226, 1051], [1226, 1048], [1227, 1047], [1227, 1043], [1228, 1042], [1228, 1038], [1229, 1037], [1229, 1033], [1230, 1032], [1230, 1030], [1231, 1029], [1231, 1027], [1232, 1026], [1232, 1025], [1233, 1024], [1233, 1023], [1234, 1022], [1234, 1021], [1235, 1020], [1235, 1019], [1236, 1018], [1236, 1015], [1237, 1014], [1237, 1011], [1238, 1010], [1238, 1006], [1239, 1005], [1239, 1000], [1240, 999], [1240, 994], [1241, 993], [1241, 989], [1242, 988], [1242, 985], [1243, 984], [1243, 982], [1244, 981], [1244, 979], [1245, 978], [1245, 977], [1246, 976], [1246, 975], [1247, 974], [1247, 972], [1248, 971], [1248, 968], [1249, 967], [1249, 964], [1250, 963], [1250, 959], [1251, 958], [1251, 953], [1252, 952], [1252, 948], [1253, 947], [1253, 943], [1254, 942], [1254, 939], [1255, 938], [1255, 936], [1256, 935], [1256, 932], [1257, 931], [1257, 930], [1258, 929], [1258, 926], [1259, 925], [1259, 922], [1260, 921], [1260, 917], [1261, 916], [1261, 911], [1262, 910], [1262, 900], [1263, 899], [1263, 892], [1264, 891], [1264, 886], [1265, 885], [1265, 880], [1266, 879], [1266, 876], [1267, 875], [1267, 873], [1268, 872], [1268, 870], [1269, 869], [1269, 866], [1270, 865], [1270, 860], [1271, 859], [1271, 852], [1272, 851], [1272, 843], [1271, 842], [1271, 832], [1270, 831], [1270, 830], [1269, 829], [1269, 827], [1268, 826], [1268, 825], [1267, 824], [1267, 823], [1266, 822], [1266, 820], [1265, 819], [1265, 817], [1264, 816], [1264, 815], [1263, 814], [1263, 813], [1262, 812], [1262, 811], [1261, 810], [1261, 809], [1259, 807], [1259, 806], [1258, 805], [1258, 804], [1255, 801], [1255, 800], [1252, 797], [1252, 796], [1249, 793], [1249, 792], [1246, 789], [1246, 788], [1237, 779], [1236, 779], [1230, 773], [1230, 772], [1228, 770], [1228, 769], [1225, 766], [1224, 766], [1222, 764], [1221, 764], [1219, 762], [1218, 762], [1216, 760], [1216, 759], [1213, 756], [1213, 755], [1209, 751], [1208, 751], [1204, 747], [1203, 747], [1197, 741], [1197, 740], [1196, 739], [1196, 738], [1195, 737], [1195, 736], [1194, 735], [1194, 734], [1192, 732], [1192, 731], [1191, 730], [1191, 729], [1190, 728], [1190, 727], [1189, 726], [1189, 725], [1185, 721], [1185, 720], [1183, 718], [1183, 717], [1181, 715], [1181, 714], [1180, 713], [1180, 712], [1179, 711], [1179, 710], [1178, 709], [1178, 708], [1171, 701], [1171, 700], [1169, 698], [1169, 697], [1168, 696], [1168, 695], [1166, 693], [1166, 692], [1159, 685], [1159, 684], [1158, 683], [1158, 682], [1156, 680], [1156, 678], [1151, 673], [1150, 673], [1147, 670], [1146, 670], [1143, 667], [1142, 667], [1141, 666], [1140, 666], [1139, 665], [1135, 665], [1134, 664], [1131, 664], [1130, 663], [1129, 663], [1128, 664], [1121, 664], [1120, 665], [1117, 665], [1116, 664], [1112, 664], [1111, 663], [1106, 663], [1105, 662], [1101, 662], [1100, 661], [1095, 661], [1094, 660], [1085, 660], [1084, 659]]","[[1151, 1115], [877, 781], [1094, 603], [1368, 937]]",0.99995315,pixels
2,MHR.7997.jpg,autozooid,406.7852783203125,466.7350158691406,118471.0,1360.7047510147095,0.9714161548742589,0.8040704761550919,0.8437789709297414,427.6748046875,360.8630065917969,-63.072322845458984,1338,619,0.16188806487483437,0.0005286729733900891,9.111775086779136e-07,1.027957317001573e-07,3.092052943702308e-14,1.844463458799991e-09,-5.803195229453018e-15,"[[1300, 405], [1299, 406], [1296, 406], [1295, 407], [1292, 407], [1291, 408], [1288, 408], [1287, 409], [1286, 409], [1285, 410], [1284, 410], [1275, 419], [1274, 419], [1272, 421], [1271, 421], [1269, 423], [1268, 423], [1265, 426], [1264, 426], [1261, 429], [1260, 429], [1244, 445], [1243, 445], [1242, 446], [1241, 446], [1240, 447], [1239, 447], [1237, 449], [1236, 449], [1234, 451], [1233, 451], [1230, 454], [1229, 454], [1228, 455], [1227, 455], [1226, 456], [1225, 456], [1223, 458], [1222, 458], [1221, 459], [1220, 459], [1218, 461], [1217, 461], [1214, 464], [1214, 465], [1213, 466], [1213, 467], [1212, 468], [1212, 469], [1211, 470], [1211, 472], [1210, 473], [1210, 475], [1209, 476], [1209, 477], [1208, 478], [1208, 480], [1207, 481], [1207, 483], [1206, 484], [1206, 486], [1205, 487], [1205, 488], [1204, 489], [1204, 490], [1203, 491], [1203, 492], [1202, 493], [1202, 494], [1200, 496], [1200, 497], [1199, 498], [1199, 499], [1198, 500], [1198, 501], [1197, 502], [1197, 503], [1196, 504], [1196, 505], [1195, 506], [1195, 507], [1194, 508], [1194, 509], [1193, 510], [1193, 512], [1192, 513], [1192, 514], [1191, 515], [1191, 516], [1190, 517], [1190, 518], [1188, 520], [1188, 521], [1186, 523], [1185, 523], [1184, 524], [1184, 525], [1182, 527], [1182, 528], [1181, 529], [1181, 530], [1180, 531], [1180, 532], [1179, 533], [1179, 535], [1178, 536], [1178, 538], [1177, 539], [1177, 541], [1176, 542], [1176, 543], [1175, 544], [1175, 546], [1174, 547], [1174, 548], [1172, 550], [1172, 551], [1170, 553], [1170, 554], [1168, 556], [1168, 557], [1167, 558], [1167, 560], [1166, 561], [1166, 563], [1165, 564], [1165, 567], [1164, 568], [1164, 573], [1163, 574], [1163, 579], [1162, 580], [1162, 583], [1161, 584], [1161, 586], [1160, 587], [1160, 588], [1159, 589], [1159, 590], [1156, 593], [1156, 594], [1154, 596], [1154, 597], [1153, 598], [1153, 600], [1152, 601], [1152, 605], [1151, 606], [1151, 612], [1150, 613], [1150, 622], [1149, 623], [1149, 633], [1148, 634], [1148, 641], [1147, 642], [1147, 648], [1146, 649], [1146, 650], [1147, 651], [1147, 657], [1148, 658], [1148, 664], [1149, 665], [1149, 667], [1150, 668], [1150, 669], [1151, 670], [1151, 671], [1152, 672], [1152, 673], [1159, 680], [1159, 681], [1161, 683], [1161, 684], [1162, 685], [1162, 686], [1163, 687], [1163, 688], [1164, 689], [1164, 690], [1166, 692], [1166, 693], [1167, 694], [1167, 695], [1169, 697], [1169, 698], [1173, 702], [1173, 703], [1176, 706], [1176, 707], [1178, 709], [1178, 710], [1179, 711], [1179, 712], [1180, 713], [1180, 714], [1181, 715], [1181, 716], [1183, 718], [1183, 719], [1185, 721], [1186, 721], [1191, 726], [1191, 727], [1193, 729], [1193, 730], [1194, 731], [1194, 732], [1195, 733], [1195, 734], [1197, 736], [1197, 737], [1199, 739], [1200, 739], [1206, 745], [1206, 746], [1207, 747], [1207, 748], [1208, 749], [1208, 750], [1210, 752], [1210, 753], [1212, 755], [1213, 755], [1215, 757], [1216, 757], [1223, 764], [1223, 765], [1224, 766], [1224, 767], [1230, 773], [1231, 773], [1238, 780], [1238, 781], [1240, 783], [1240, 784], [1248, 792], [1248, 793], [1250, 795], [1250, 796], [1251, 797], [1251, 798], [1252, 799], [1252, 800], [1253, 801], [1253, 802], [1254, 803], [1254, 804], [1255, 805], [1255, 806], [1262, 813], [1262, 814], [1264, 816], [1264, 817], [1265, 818], [1265, 819], [1266, 820], [1266, 821], [1267, 822], [1267, 823], [1268, 824], [1268, 825], [1270, 827], [1270, 828], [1272, 830], [1272, 831], [1283, 831], [1284, 832], [1286, 832], [1287, 831], [1288, 831], [1293, 826], [1294, 826], [1296, 824], [1297, 824], [1298, 823], [1299, 823], [1300, 822], [1301, 822], [1302, 821], [1307, 821], [1308, 820], [1312, 820], [1313, 819], [1318, 819], [1319, 818], [1323, 818], [1324, 817], [1328, 817], [1329, 816], [1332, 816], [1333, 817], [1337, 817], [1338, 818], [1343, 818], [1344, 819], [1362, 819], [1363, 820], [1368, 820], [1369, 821], [1373, 821], [1374, 822], [1378, 822], [1379, 823], [1382, 823], [1383, 824], [1386, 824], [1387, 825], [1389, 825], [1390, 826], [1391, 826], [1393, 828], [1394, 828], [1396, 830], [1397, 830], [1400, 833], [1401, 833], [1403, 835], [1405, 835], [1406, 836], [1408, 836], [1409, 837], [1411, 837], [1412, 838], [1414, 838], [1415, 839], [1419, 839], [1425, 833], [1425, 832], [1426, 831], [1426, 829], [1427, 828], [1427, 825], [1428, 824], [1428, 822], [1429, 821], [1429, 817], [1430, 816], [1430, 815], [1433, 812], [1433, 811], [1434, 810], [1434, 809], [1435, 808], [1435, 807], [1436, 806], [1436, 805], [1437, 804], [1437, 802], [1438, 801], [1438, 799], [1439, 798], [1439, 796], [1440, 795], [1440, 794], [1442, 792], [1442, 791], [1448, 785], [1448, 784], [1450, 782], [1450, 780], [1451, 779], [1451, 778], [1452, 777], [1452, 775], [1453, 774], [1453, 772], [1454, 771], [1454, 769], [1455, 768], [1455, 766], [1456, 765], [1456, 764], [1465, 755], [1465, 754], [1467, 752], [1467, 750], [1468, 749], [1468, 748], [1469, 747], [1469, 746], [1470, 745], [1470, 744], [1479, 735], [1479, 734], [1480, 733], [1480, 732], [1481, 731], [1481, 728], [1482, 727], [1482, 725], [1483, 724], [1483, 722], [1484, 721], [1484, 719], [1485, 718], [1485, 716], [1487, 714], [1487, 713], [1491, 709], [1492, 709], [1492, 708], [1495, 705], [1495, 704], [1496, 703], [1496, 702], [1497, 701], [1497, 699], [1498, 698], [1498, 696], [1499, 695], [1499, 694], [1500, 693], [1500, 692], [1502, 690], [1502, 689], [1507, 684], [1507, 683], [1508, 682], [1508, 681], [1509, 680], [1509, 678], [1510, 677], [1510, 674], [1511, 673], [1511, 670], [1512, 669], [1512, 666], [1513, 665], [1513, 663], [1514, 662], [1514, 660], [1515, 659], [1515, 658], [1516, 657], [1516, 656], [1518, 654], [1518, 653], [1520, 651], [1520, 650], [1521, 649], [1521, 648], [1522, 647], [1522, 646], [1523, 645], [1523, 643], [1524, 642], [1524, 640], [1525, 639], [1525, 636], [1526, 635], [1526, 632], [1527, 631], [1527, 626], [1528, 625], [1528, 621], [1529, 620], [1529, 617], [1530, 616], [1530, 598], [1529, 597], [1529, 594], [1528, 593], [1528, 589], [1527, 588], [1527, 584], [1526, 583], [1526, 580], [1525, 579], [1525, 576], [1524, 575], [1524, 573], [1523, 572], [1523, 570], [1522, 569], [1522, 568], [1521, 567], [1521, 566], [1518, 563], [1518, 562], [1516, 560], [1516, 559], [1515, 558], [1515, 557], [1514, 556], [1514, 555], [1513, 554], [1513, 552], [1512, 551], [1512, 549], [1511, 548], [1511, 546], [1510, 545], [1510, 544], [1508, 542], [1508, 541], [1503, 536], [1503, 535], [1501, 533], [1501, 532], [1500, 531], [1500, 530], [1498, 528], [1498, 527], [1497, 526], [1497, 525], [1496, 524], [1496, 523], [1494, 521], [1494, 520], [1492, 518], [1492, 517], [1484, 509], [1484, 508], [1480, 504], [1480, 503], [1477, 500], [1477, 499], [1470, 492], [1470, 491], [1468, 489], [1468, 488], [1467, 487], [1467, 486], [1465, 484], [1465, 483], [1464, 482], [1464, 481], [1455, 472], [1455, 471], [1454, 470], [1454, 469], [1453, 468], [1453, 467], [1452, 466], [1452, 465], [1451, 464], [1451, 463], [1449, 461], [1449, 460], [1442, 453], [1442, 452], [1440, 450], [1440, 449], [1439, 448], [1439, 447], [1438, 446], [1438, 445], [1437, 444], [1437, 443], [1435, 441], [1435, 440], [1430, 435], [1429, 435], [1428, 434], [1428, 433], [1424, 429], [1423, 429], [1421, 427], [1420, 427], [1419, 426], [1418, 426], [1417, 425], [1406, 425], [1405, 424], [1387, 424], [1386, 423], [1380, 423], [1379, 422], [1374, 422], [1373, 421], [1371, 421], [1370, 420], [1369, 420], [1368, 419], [1367, 419], [1366, 418], [1365, 418], [1364, 417], [1363, 417], [1361, 415], [1360, 415], [1359, 414], [1357, 414], [1356, 413], [1355, 413], [1354, 412], [1352, 412], [1351, 411], [1349, 411], [1348, 410], [1345, 410], [1344, 409], [1342, 409], [1341, 408], [1338, 408], [1337, 407], [1335, 407], [1334, 406], [1331, 406], [1330, 405], [1326, 405], [1325, 406], [1312, 406], [1311, 405]]","[[1399, 895], [1077, 732], [1271, 351], [1593, 514]]",0.9999522,pixels
3,MHR.7997.jpg,autozooid,483.3406982421875,439.8362731933594,124144.0,1558.0672272443771,0.8903838912696562,0.6426332811085701,0.8376799041290289,451.8351135253906,378.4931945800781,-53.60557556152344,1320,219,0.1737476470597849,0.001228014344892966,0.0004705694770150435,2.4111997150040012e-05,1.495241679081354e-09,6.346033815242924e-07,2.0882768568845523e-09,"[[1319, 16], [1318, 17], [1306, 17], [1305, 18], [1299, 18], [1298, 19], [1293, 19], [1292, 20], [1287, 20], [1286, 21], [1275, 21], [1274, 22], [1270, 22], [1268, 24], [1267, 24], [1266, 25], [1265, 25], [1264, 26], [1263, 26], [1262, 27], [1261, 27], [1260, 28], [1259, 28], [1258, 29], [1257, 29], [1256, 30], [1254, 30], [1252, 32], [1251, 32], [1250, 33], [1249, 33], [1247, 35], [1246, 35], [1242, 39], [1241, 39], [1239, 41], [1238, 41], [1232, 47], [1232, 48], [1231, 49], [1231, 50], [1229, 52], [1229, 53], [1228, 54], [1228, 56], [1227, 57], [1227, 58], [1225, 60], [1225, 61], [1223, 63], [1223, 64], [1218, 69], [1218, 70], [1217, 71], [1217, 72], [1216, 73], [1216, 75], [1215, 76], [1215, 77], [1214, 78], [1214, 80], [1213, 81], [1213, 84], [1212, 85], [1212, 89], [1211, 90], [1211, 94], [1210, 95], [1210, 99], [1209, 100], [1209, 102], [1208, 103], [1208, 104], [1207, 105], [1207, 106], [1206, 107], [1206, 108], [1202, 112], [1202, 113], [1200, 115], [1200, 116], [1199, 117], [1199, 118], [1198, 119], [1198, 121], [1197, 122], [1197, 123], [1196, 124], [1196, 126], [1195, 127], [1195, 129], [1194, 130], [1194, 132], [1193, 133], [1193, 134], [1191, 136], [1191, 137], [1186, 142], [1185, 142], [1182, 145], [1181, 145], [1180, 146], [1180, 147], [1177, 150], [1177, 151], [1175, 153], [1175, 154], [1157, 172], [1157, 173], [1152, 178], [1152, 179], [1151, 180], [1150, 180], [1148, 182], [1147, 182], [1144, 185], [1143, 185], [1130, 198], [1130, 199], [1125, 204], [1125, 205], [1123, 207], [1123, 208], [1121, 210], [1121, 211], [1119, 213], [1118, 213], [1115, 216], [1114, 216], [1106, 224], [1106, 225], [1100, 231], [1099, 231], [1096, 234], [1095, 234], [1093, 236], [1093, 237], [1089, 241], [1089, 242], [1088, 243], [1088, 244], [1087, 245], [1087, 246], [1083, 250], [1083, 251], [1079, 255], [1079, 256], [1078, 257], [1078, 261], [1077, 262], [1077, 275], [1078, 276], [1078, 277], [1079, 278], [1079, 279], [1082, 282], [1082, 283], [1085, 286], [1085, 287], [1087, 289], [1087, 291], [1088, 292], [1088, 294], [1089, 295], [1089, 298], [1090, 299], [1090, 303], [1091, 304], [1091, 307], [1092, 308], [1092, 310], [1093, 311], [1093, 313], [1094, 314], [1094, 315], [1095, 316], [1095, 317], [1096, 318], [1096, 319], [1097, 320], [1097, 321], [1100, 324], [1101, 324], [1102, 325], [1102, 326], [1105, 329], [1105, 330], [1107, 332], [1107, 333], [1108, 334], [1108, 335], [1109, 336], [1109, 337], [1110, 338], [1110, 339], [1114, 343], [1115, 343], [1117, 345], [1118, 345], [1125, 352], [1125, 353], [1129, 357], [1130, 357], [1131, 358], [1132, 358], [1133, 359], [1134, 359], [1135, 360], [1136, 360], [1137, 361], [1138, 361], [1150, 373], [1151, 373], [1152, 374], [1153, 374], [1154, 375], [1155, 375], [1157, 377], [1158, 377], [1164, 383], [1164, 384], [1167, 387], [1168, 387], [1176, 395], [1176, 396], [1177, 397], [1177, 398], [1178, 399], [1178, 400], [1179, 401], [1179, 402], [1181, 404], [1181, 405], [1185, 409], [1186, 409], [1187, 410], [1188, 410], [1191, 413], [1192, 413], [1193, 414], [1193, 415], [1195, 417], [1195, 418], [1197, 420], [1197, 421], [1199, 423], [1199, 424], [1201, 426], [1201, 427], [1203, 429], [1208, 429], [1209, 428], [1214, 428], [1215, 427], [1217, 427], [1220, 424], [1220, 421], [1221, 420], [1221, 416], [1222, 415], [1222, 411], [1223, 410], [1223, 406], [1224, 405], [1224, 401], [1225, 400], [1225, 397], [1226, 396], [1226, 393], [1227, 392], [1227, 389], [1228, 388], [1228, 384], [1229, 383], [1229, 378], [1230, 377], [1230, 370], [1231, 369], [1231, 365], [1232, 364], [1232, 362], [1233, 361], [1233, 358], [1234, 357], [1234, 355], [1235, 354], [1235, 353], [1238, 350], [1240, 350], [1241, 349], [1243, 349], [1244, 348], [1246, 348], [1247, 347], [1249, 347], [1250, 346], [1252, 346], [1253, 345], [1255, 345], [1256, 344], [1259, 344], [1260, 343], [1264, 343], [1265, 342], [1270, 342], [1271, 341], [1280, 341], [1281, 340], [1291, 340], [1292, 341], [1296, 341], [1297, 342], [1302, 342], [1303, 343], [1307, 343], [1308, 344], [1310, 344], [1311, 345], [1314, 345], [1315, 346], [1317, 346], [1318, 347], [1320, 347], [1321, 348], [1323, 348], [1324, 349], [1326, 349], [1327, 350], [1329, 350], [1330, 351], [1332, 351], [1334, 353], [1334, 354], [1335, 355], [1335, 356], [1338, 359], [1338, 360], [1342, 364], [1342, 365], [1343, 366], [1343, 367], [1345, 369], [1345, 370], [1346, 371], [1346, 372], [1348, 374], [1348, 375], [1349, 376], [1349, 377], [1350, 378], [1350, 379], [1351, 380], [1351, 381], [1352, 382], [1352, 384], [1353, 385], [1353, 386], [1355, 388], [1355, 389], [1356, 390], [1357, 390], [1359, 392], [1360, 392], [1367, 399], [1368, 399], [1369, 400], [1370, 400], [1372, 402], [1373, 402], [1374, 403], [1375, 403], [1377, 405], [1378, 405], [1381, 408], [1382, 408], [1389, 415], [1390, 415], [1391, 416], [1392, 416], [1393, 417], [1395, 417], [1396, 418], [1398, 418], [1399, 419], [1401, 419], [1402, 420], [1405, 420], [1406, 421], [1408, 421], [1409, 422], [1414, 422], [1415, 421], [1425, 421], [1426, 420], [1427, 420], [1428, 419], [1428, 418], [1430, 416], [1430, 414], [1431, 413], [1431, 412], [1432, 411], [1432, 409], [1433, 408], [1433, 406], [1434, 405], [1434, 402], [1435, 401], [1435, 398], [1436, 397], [1436, 393], [1437, 392], [1437, 390], [1438, 389], [1438, 386], [1439, 385], [1439, 383], [1440, 382], [1440, 381], [1442, 379], [1442, 378], [1444, 376], [1444, 375], [1446, 373], [1446, 372], [1447, 371], [1447, 370], [1448, 369], [1448, 368], [1450, 366], [1450, 365], [1451, 364], [1451, 363], [1452, 362], [1452, 361], [1454, 359], [1454, 358], [1455, 357], [1455, 356], [1456, 355], [1456, 354], [1457, 353], [1457, 352], [1467, 342], [1467, 341], [1469, 339], [1469, 338], [1470, 337], [1470, 336], [1473, 333], [1473, 332], [1477, 328], [1478, 328], [1481, 325], [1482, 325], [1482, 324], [1485, 321], [1485, 320], [1486, 319], [1486, 318], [1488, 316], [1488, 315], [1489, 314], [1489, 313], [1491, 311], [1491, 310], [1496, 305], [1496, 304], [1501, 299], [1501, 298], [1504, 295], [1504, 294], [1506, 292], [1506, 291], [1508, 289], [1508, 288], [1510, 286], [1510, 285], [1516, 279], [1516, 278], [1518, 276], [1518, 275], [1520, 273], [1520, 272], [1523, 269], [1523, 268], [1532, 259], [1532, 258], [1534, 256], [1534, 255], [1535, 254], [1535, 253], [1536, 252], [1536, 251], [1537, 250], [1537, 249], [1538, 248], [1538, 247], [1539, 246], [1539, 245], [1540, 244], [1540, 243], [1541, 242], [1541, 241], [1542, 240], [1542, 239], [1543, 238], [1543, 237], [1545, 235], [1545, 234], [1548, 231], [1548, 230], [1550, 228], [1550, 227], [1551, 226], [1551, 220], [1552, 219], [1552, 209], [1551, 208], [1551, 207], [1550, 206], [1550, 205], [1548, 203], [1548, 202], [1545, 199], [1545, 198], [1544, 197], [1544, 196], [1543, 195], [1543, 194], [1542, 193], [1542, 192], [1541, 191], [1541, 190], [1540, 189], [1540, 187], [1539, 186], [1539, 185], [1538, 184], [1538, 182], [1537, 181], [1537, 179], [1531, 173], [1530, 173], [1523, 166], [1523, 165], [1522, 164], [1522, 163], [1521, 162], [1521, 161], [1519, 159], [1519, 158], [1515, 154], [1514, 154], [1508, 148], [1508, 147], [1507, 146], [1507, 145], [1506, 144], [1506, 143], [1505, 142], [1505, 140], [1504, 139], [1504, 138], [1503, 137], [1503, 135], [1502, 134], [1502, 133], [1501, 132], [1501, 131], [1499, 129], [1499, 128], [1497, 126], [1496, 126], [1491, 121], [1491, 120], [1489, 118], [1489, 117], [1487, 115], [1487, 114], [1486, 113], [1486, 112], [1483, 109], [1483, 108], [1480, 105], [1479, 105], [1475, 101], [1475, 100], [1473, 98], [1473, 97], [1471, 95], [1471, 94], [1469, 92], [1469, 91], [1468, 90], [1468, 89], [1467, 88], [1467, 87], [1465, 85], [1465, 84], [1462, 81], [1462, 80], [1456, 74], [1456, 73], [1454, 71], [1454, 70], [1453, 69], [1453, 68], [1444, 59], [1443, 59], [1438, 54], [1438, 53], [1437, 52], [1437, 51], [1434, 48], [1434, 47], [1432, 45], [1432, 44], [1428, 40], [1428, 39], [1425, 36], [1424, 36], [1420, 32], [1420, 31], [1414, 25], [1414, 24], [1411, 21], [1410, 21], [1409, 20], [1407, 20], [1406, 19], [1404, 19], [1403, 18], [1399, 18], [1398, 17], [1394, 17], [1393, 16]]","[[1344, 532], [1039, 308], [1307, -55], [1612, 169]]",0.9999405,pixels
4,MHR.7997.jpg,autozooid,444.337158203125,465.68890380859375,129195.5,1509.4570586681366,0.9267969870875179,0.7125506257089338,0.9728809662616794,419.191650390625,407.8235778808594,-25.346176147460938,1650,796,0.165608449420202,7.992046719389802e-05,0.0002987737621421957,4.376860681365132e-06,-4.408559126332805e-11,1.890844256158061e-08,1.520124377020269e-10,"[[1666, 577], [1665, 578], [1662, 578], [1661, 579], [1657, 579], [1656, 580], [1651, 580], [1650, 581], [1647, 581], [1646, 582], [1642, 582], [1641, 583], [1638, 583], [1637, 584], [1635, 584], [1634, 585], [1633, 585], [1632, 586], [1631, 586], [1629, 588], [1628, 588], [1624, 592], [1623, 592], [1621, 594], [1620, 594], [1619, 595], [1617, 595], [1616, 596], [1614, 596], [1613, 597], [1610, 597], [1609, 598], [1606, 598], [1605, 599], [1603, 599], [1602, 600], [1599, 600], [1598, 601], [1596, 601], [1595, 602], [1593, 602], [1592, 603], [1590, 603], [1589, 604], [1588, 604], [1587, 605], [1585, 605], [1584, 606], [1583, 606], [1582, 607], [1580, 607], [1579, 608], [1578, 608], [1577, 609], [1575, 609], [1574, 610], [1571, 610], [1570, 611], [1569, 611], [1568, 612], [1565, 612], [1564, 613], [1562, 613], [1561, 614], [1559, 614], [1558, 615], [1555, 615], [1554, 616], [1552, 616], [1551, 617], [1549, 617], [1548, 618], [1547, 618], [1546, 619], [1544, 619], [1543, 620], [1542, 620], [1541, 621], [1540, 621], [1538, 623], [1538, 624], [1536, 626], [1536, 627], [1534, 629], [1534, 630], [1533, 631], [1533, 632], [1532, 633], [1532, 634], [1531, 635], [1531, 636], [1530, 637], [1530, 638], [1529, 639], [1529, 640], [1527, 642], [1527, 643], [1522, 648], [1522, 649], [1521, 650], [1521, 651], [1520, 652], [1520, 653], [1519, 654], [1519, 655], [1518, 656], [1518, 659], [1517, 660], [1517, 663], [1516, 664], [1516, 668], [1515, 669], [1515, 672], [1514, 673], [1514, 674], [1513, 675], [1513, 676], [1512, 677], [1512, 678], [1505, 685], [1505, 686], [1504, 687], [1504, 688], [1503, 689], [1503, 690], [1502, 691], [1502, 693], [1501, 694], [1501, 696], [1500, 697], [1500, 699], [1499, 700], [1499, 702], [1498, 703], [1498, 705], [1497, 706], [1497, 707], [1488, 716], [1488, 717], [1487, 718], [1487, 719], [1486, 720], [1486, 721], [1485, 722], [1485, 724], [1484, 725], [1484, 726], [1483, 727], [1483, 729], [1482, 730], [1482, 731], [1480, 733], [1480, 734], [1475, 739], [1475, 740], [1473, 742], [1473, 743], [1472, 744], [1472, 745], [1471, 746], [1471, 747], [1470, 748], [1470, 749], [1469, 750], [1469, 752], [1468, 753], [1468, 755], [1467, 756], [1467, 757], [1465, 759], [1465, 760], [1460, 765], [1459, 765], [1457, 767], [1457, 768], [1455, 770], [1455, 771], [1454, 772], [1454, 774], [1453, 775], [1453, 777], [1452, 778], [1452, 780], [1451, 781], [1451, 783], [1450, 784], [1450, 786], [1449, 787], [1449, 788], [1448, 789], [1448, 790], [1443, 795], [1443, 796], [1441, 798], [1441, 799], [1439, 801], [1439, 803], [1438, 804], [1438, 805], [1437, 806], [1437, 813], [1436, 814], [1436, 819], [1435, 820], [1435, 827], [1434, 828], [1434, 835], [1433, 836], [1433, 843], [1434, 844], [1434, 850], [1435, 851], [1435, 856], [1436, 857], [1436, 858], [1437, 859], [1437, 860], [1438, 861], [1438, 862], [1440, 864], [1440, 865], [1446, 871], [1446, 872], [1448, 874], [1448, 875], [1449, 876], [1449, 877], [1451, 879], [1451, 880], [1452, 881], [1452, 882], [1453, 883], [1453, 884], [1454, 885], [1454, 886], [1455, 887], [1455, 888], [1456, 889], [1456, 890], [1458, 892], [1458, 893], [1463, 898], [1463, 899], [1465, 901], [1465, 902], [1467, 904], [1467, 906], [1468, 907], [1468, 908], [1469, 909], [1469, 911], [1470, 912], [1470, 913], [1471, 914], [1471, 915], [1472, 916], [1472, 917], [1473, 918], [1473, 919], [1475, 921], [1475, 922], [1476, 923], [1476, 924], [1478, 926], [1478, 927], [1479, 928], [1479, 930], [1480, 931], [1480, 932], [1481, 933], [1481, 935], [1482, 936], [1482, 939], [1483, 940], [1483, 943], [1484, 944], [1484, 948], [1485, 949], [1485, 953], [1486, 954], [1486, 957], [1487, 958], [1487, 960], [1488, 961], [1488, 962], [1489, 963], [1489, 964], [1490, 965], [1490, 966], [1493, 969], [1493, 970], [1495, 972], [1495, 973], [1496, 974], [1496, 975], [1497, 976], [1497, 977], [1498, 978], [1498, 979], [1499, 980], [1499, 981], [1500, 982], [1500, 984], [1501, 985], [1501, 987], [1502, 988], [1502, 990], [1503, 991], [1503, 992], [1504, 993], [1504, 994], [1505, 995], [1505, 996], [1512, 1003], [1512, 1004], [1514, 1006], [1514, 1007], [1516, 1009], [1516, 1010], [1518, 1012], [1518, 1013], [1520, 1015], [1520, 1016], [1522, 1018], [1522, 1019], [1524, 1021], [1526, 1019], [1527, 1019], [1530, 1016], [1531, 1016], [1538, 1009], [1538, 1008], [1540, 1006], [1540, 1004], [1541, 1003], [1541, 1001], [1542, 1000], [1542, 998], [1543, 997], [1543, 995], [1544, 994], [1544, 993], [1545, 992], [1545, 990], [1546, 989], [1546, 988], [1547, 987], [1547, 986], [1548, 985], [1548, 984], [1550, 982], [1550, 981], [1552, 979], [1552, 978], [1556, 974], [1556, 973], [1558, 971], [1558, 970], [1560, 968], [1560, 967], [1565, 962], [1566, 962], [1568, 960], [1569, 960], [1570, 959], [1571, 959], [1572, 958], [1573, 958], [1574, 957], [1575, 957], [1576, 956], [1577, 956], [1583, 950], [1584, 950], [1586, 948], [1587, 948], [1588, 947], [1590, 947], [1591, 946], [1594, 946], [1595, 945], [1600, 945], [1601, 944], [1605, 944], [1606, 943], [1610, 943], [1611, 942], [1616, 942], [1617, 941], [1621, 941], [1622, 942], [1628, 942], [1629, 943], [1635, 943], [1636, 944], [1638, 944], [1639, 945], [1641, 945], [1642, 946], [1644, 946], [1645, 947], [1646, 947], [1647, 948], [1649, 948], [1650, 949], [1651, 949], [1652, 950], [1653, 950], [1655, 952], [1656, 952], [1658, 954], [1659, 954], [1661, 956], [1662, 956], [1663, 957], [1664, 957], [1665, 958], [1666, 958], [1667, 959], [1668, 959], [1670, 961], [1671, 961], [1675, 965], [1675, 966], [1677, 968], [1677, 969], [1678, 970], [1678, 971], [1684, 977], [1685, 977], [1687, 979], [1688, 979], [1697, 988], [1697, 989], [1698, 990], [1700, 990], [1701, 991], [1702, 991], [1703, 992], [1705, 992], [1706, 993], [1709, 993], [1710, 994], [1712, 994], [1713, 995], [1718, 995], [1719, 994], [1728, 994], [1729, 993], [1732, 993], [1733, 992], [1735, 992], [1736, 991], [1737, 991], [1738, 990], [1740, 990], [1741, 989], [1742, 989], [1743, 988], [1744, 988], [1745, 987], [1746, 987], [1747, 986], [1748, 986], [1751, 983], [1752, 983], [1754, 981], [1755, 981], [1757, 979], [1758, 979], [1760, 977], [1761, 977], [1763, 975], [1764, 975], [1766, 973], [1766, 972], [1768, 970], [1769, 970], [1772, 967], [1773, 967], [1775, 965], [1776, 965], [1777, 964], [1778, 964], [1779, 963], [1780, 963], [1782, 961], [1783, 961], [1794, 950], [1795, 950], [1797, 948], [1798, 948], [1813, 933], [1813, 932], [1816, 929], [1816, 928], [1818, 926], [1818, 925], [1819, 924], [1819, 923], [1820, 922], [1820, 921], [1829, 912], [1829, 911], [1831, 909], [1831, 908], [1832, 907], [1832, 906], [1833, 905], [1833, 904], [1835, 902], [1835, 901], [1842, 894], [1843, 894], [1843, 893], [1846, 890], [1846, 889], [1847, 888], [1847, 886], [1848, 885], [1848, 884], [1849, 883], [1849, 882], [1850, 881], [1850, 879], [1851, 878], [1851, 877], [1853, 875], [1853, 874], [1854, 873], [1854, 872], [1857, 869], [1857, 868], [1859, 866], [1859, 865], [1861, 863], [1861, 861], [1862, 860], [1862, 859], [1863, 858], [1863, 850], [1864, 849], [1864, 828], [1863, 827], [1863, 819], [1862, 818], [1862, 815], [1861, 814], [1861, 812], [1860, 811], [1860, 809], [1859, 808], [1859, 806], [1856, 803], [1856, 802], [1854, 800], [1854, 799], [1852, 797], [1852, 796], [1851, 795], [1851, 793], [1850, 792], [1850, 790], [1849, 789], [1849, 785], [1848, 784], [1848, 779], [1847, 778], [1847, 774], [1846, 773], [1846, 771], [1844, 769], [1844, 768], [1837, 761], [1837, 760], [1835, 758], [1835, 757], [1834, 756], [1834, 753], [1833, 752], [1833, 749], [1832, 748], [1832, 744], [1831, 743], [1831, 741], [1830, 740], [1830, 738], [1828, 736], [1828, 735], [1821, 728], [1821, 727], [1820, 726], [1820, 725], [1819, 724], [1819, 723], [1818, 722], [1818, 718], [1817, 717], [1817, 714], [1816, 713], [1816, 709], [1815, 708], [1815, 706], [1814, 705], [1814, 704], [1813, 703], [1813, 702], [1805, 694], [1805, 693], [1804, 692], [1804, 691], [1803, 690], [1803, 689], [1802, 688], [1802, 685], [1801, 684], [1801, 681], [1800, 680], [1800, 678], [1799, 677], [1799, 674], [1798, 673], [1798, 672], [1797, 671], [1797, 670], [1790, 663], [1790, 662], [1788, 660], [1788, 659], [1787, 658], [1787, 657], [1786, 656], [1786, 652], [1785, 651], [1785, 646], [1784, 645], [1784, 641], [1783, 640], [1783, 638], [1782, 637], [1782, 636], [1781, 635], [1781, 634], [1779, 632], [1779, 631], [1774, 626], [1774, 625], [1772, 623], [1772, 622], [1771, 621], [1771, 620], [1770, 619], [1770, 618], [1768, 616], [1768, 615], [1766, 613], [1766, 612], [1760, 606], [1758, 606], [1757, 605], [1756, 605], [1755, 604], [1753, 604], [1752, 603], [1750, 603], [1749, 602], [1746, 602], [1745, 601], [1734, 601], [1733, 600], [1729, 600], [1728, 599], [1727, 599], [1726, 598], [1725, 598], [1724, 597], [1723, 597], [1721, 595], [1720, 595], [1719, 594], [1718, 594], [1716, 592], [1715, 592], [1713, 590], [1712, 590], [1710, 588], [1709, 588], [1708, 587], [1707, 587], [1706, 586], [1705, 586], [1704, 585], [1702, 585], [1701, 584], [1700, 584], [1699, 583], [1695, 583], [1694, 582], [1691, 582], [1690, 581], [1686, 581], [1685, 580], [1681, 580], [1680, 579], [1675, 579], [1674, 578], [1669, 578], [1668, 577]]","[[1542, 1083], [1363, 704], [1731, 530], [1911, 908]]",0.9999397,pixels
5,MHR.7997.jpg,autozooid,417.7379150390625,372.19342041015625,110201.5,1310.815359711647,0.9848212689901698,0.8059615559474167,0.7810921065279488,424.4720764160156,331.5517883300781,-79.36410522460938,786,678,0.17213327011491744,0.003920658803971776,2.067216955679317e-06,5.776276754518572e-07,5.032223852671914e-13,2.686812977822149e-08,-3.8102106777338913e-13,"[[678, 500], [677, 501], [672, 501], [671, 502], [667, 502], [666, 503], [662, 503], [661, 504], [657, 504], [656, 505], [653, 505], [652, 506], [650, 506], [645, 511], [644, 511], [641, 514], [640, 514], [638, 516], [637, 516], [635, 518], [633, 518], [632, 519], [628, 519], [627, 520], [623, 520], [622, 521], [620, 521], [618, 523], [617, 523], [615, 525], [614, 525], [613, 526], [612, 526], [611, 527], [610, 527], [609, 528], [608, 528], [607, 529], [606, 529], [605, 530], [605, 531], [604, 532], [604, 533], [602, 535], [602, 536], [599, 539], [599, 540], [594, 545], [594, 546], [590, 550], [590, 552], [589, 553], [589, 554], [588, 555], [588, 558], [587, 559], [587, 564], [586, 565], [586, 586], [587, 587], [587, 593], [588, 594], [588, 614], [589, 615], [589, 622], [590, 623], [590, 626], [591, 627], [591, 630], [592, 631], [592, 633], [593, 634], [593, 638], [592, 639], [592, 644], [591, 645], [591, 651], [590, 652], [590, 660], [589, 661], [589, 664], [590, 665], [590, 675], [593, 678], [593, 679], [595, 681], [595, 682], [597, 684], [597, 686], [598, 687], [598, 688], [599, 689], [599, 690], [601, 692], [601, 693], [610, 702], [610, 703], [611, 704], [611, 705], [612, 706], [612, 707], [613, 708], [613, 709], [614, 710], [614, 711], [615, 712], [615, 713], [616, 714], [616, 715], [627, 726], [627, 727], [628, 728], [628, 730], [629, 731], [629, 733], [630, 734], [630, 735], [631, 736], [631, 737], [632, 738], [632, 739], [634, 741], [634, 742], [641, 749], [641, 750], [642, 751], [642, 752], [643, 753], [643, 754], [644, 755], [644, 757], [646, 759], [646, 760], [648, 762], [648, 763], [650, 765], [651, 765], [653, 767], [653, 768], [655, 770], [655, 771], [656, 772], [656, 773], [657, 774], [657, 775], [658, 776], [658, 777], [659, 778], [659, 779], [660, 780], [660, 781], [661, 782], [661, 783], [663, 785], [663, 786], [665, 788], [666, 788], [670, 792], [670, 793], [672, 795], [672, 796], [673, 797], [673, 799], [674, 800], [674, 801], [675, 802], [675, 803], [677, 805], [677, 806], [678, 807], [678, 808], [679, 809], [679, 810], [680, 811], [680, 812], [681, 813], [681, 814], [684, 817], [685, 817], [687, 819], [688, 819], [690, 821], [691, 821], [693, 823], [694, 823], [695, 824], [704, 824], [705, 825], [713, 825], [714, 826], [719, 826], [720, 827], [727, 827], [728, 828], [738, 828], [739, 829], [746, 829], [747, 830], [753, 830], [754, 831], [757, 831], [758, 832], [761, 832], [762, 833], [763, 833], [764, 834], [766, 834], [767, 835], [768, 835], [769, 836], [772, 836], [773, 837], [776, 837], [777, 838], [781, 838], [782, 839], [789, 839], [790, 840], [797, 840], [798, 841], [808, 841], [809, 842], [818, 842], [819, 843], [826, 843], [827, 844], [833, 844], [834, 845], [840, 845], [841, 846], [845, 846], [846, 847], [847, 847], [848, 848], [850, 848], [851, 849], [852, 849], [853, 850], [856, 850], [857, 851], [860, 851], [861, 852], [865, 852], [866, 853], [871, 853], [872, 854], [878, 854], [879, 855], [884, 855], [885, 856], [889, 856], [890, 857], [892, 857], [893, 858], [894, 858], [895, 859], [896, 859], [897, 860], [898, 860], [899, 861], [900, 861], [901, 862], [902, 862], [903, 863], [907, 863], [908, 864], [914, 864], [915, 865], [929, 865], [930, 866], [936, 866], [937, 865], [947, 865], [948, 864], [950, 864], [954, 860], [954, 859], [955, 858], [955, 857], [956, 856], [956, 855], [957, 854], [957, 853], [958, 852], [958, 850], [959, 849], [959, 848], [960, 847], [960, 846], [961, 845], [961, 844], [964, 841], [964, 840], [965, 839], [965, 838], [966, 837], [966, 836], [967, 835], [967, 831], [968, 830], [968, 825], [969, 824], [969, 817], [970, 816], [970, 806], [971, 805], [971, 797], [972, 796], [972, 789], [973, 788], [973, 782], [974, 781], [974, 777], [975, 776], [975, 773], [976, 772], [976, 770], [977, 769], [977, 767], [978, 766], [978, 764], [979, 763], [979, 761], [980, 760], [980, 757], [981, 756], [981, 751], [982, 750], [982, 741], [983, 740], [983, 709], [982, 708], [982, 687], [981, 686], [981, 678], [980, 677], [980, 673], [979, 672], [979, 670], [978, 669], [978, 668], [977, 667], [977, 665], [976, 664], [976, 662], [975, 661], [975, 659], [974, 658], [974, 656], [973, 655], [973, 653], [972, 652], [972, 649], [971, 648], [971, 645], [970, 644], [970, 641], [969, 640], [969, 637], [968, 636], [968, 635], [967, 634], [967, 633], [964, 630], [963, 630], [957, 624], [957, 623], [955, 621], [955, 620], [952, 617], [951, 617], [949, 615], [948, 615], [947, 614], [946, 614], [941, 609], [941, 608], [936, 603], [935, 603], [934, 602], [933, 602], [926, 595], [926, 594], [921, 589], [920, 589], [919, 588], [918, 588], [917, 587], [916, 587], [908, 579], [907, 579], [905, 577], [904, 577], [903, 576], [902, 576], [901, 575], [900, 575], [893, 568], [893, 567], [892, 567], [889, 564], [887, 564], [886, 563], [885, 563], [884, 562], [883, 562], [881, 560], [880, 560], [878, 558], [877, 558], [873, 554], [872, 554], [867, 549], [866, 549], [857, 540], [856, 540], [853, 537], [852, 537], [848, 533], [847, 533], [843, 529], [842, 529], [835, 522], [834, 522], [831, 519], [830, 519], [828, 517], [827, 517], [824, 514], [823, 514], [821, 512], [820, 512], [819, 511], [818, 511], [817, 510], [815, 510], [814, 509], [806, 509], [805, 508], [797, 508], [796, 507], [788, 507], [787, 506], [780, 506], [779, 505], [774, 505], [773, 504], [768, 504], [767, 503], [763, 503], [762, 502], [758, 502], [757, 501], [744, 501], [743, 500]]","[[959, 873], [542, 795], [603, 469], [1020, 547]]",0.99988437,pixels
6,MHR.7997.jpg,autozooid,448.8612060546875,447.58831787109375,93654.5,1599.0205467939377,0.7453245368307124,0.4602888185481306,0.9684478943143467,402.6349182128906,389.9309387207031,-52.052303314208984,1654,365,0.20776263923057484,0.004042565232773626,0.002183569749156795,0.0002182589947536199,-1.4892402170326352e-07,-1.360476466599135e-05,-2.2905238811285214e-08,"[[1647, 183], [1646, 184], [1641, 184], [1640, 185], [1635, 185], [1634, 186], [1632, 186], [1631, 187], [1628, 187], [1627, 188], [1625, 188], [1624, 189], [1621, 189], [1620, 190], [1619, 190], [1618, 191], [1617, 191], [1612, 196], [1612, 197], [1609, 200], [1608, 200], [1606, 202], [1605, 202], [1603, 204], [1601, 204], [1599, 206], [1598, 206], [1597, 207], [1596, 207], [1587, 216], [1586, 216], [1585, 217], [1584, 217], [1583, 218], [1582, 218], [1581, 219], [1580, 219], [1579, 220], [1578, 220], [1577, 221], [1576, 221], [1575, 222], [1574, 222], [1572, 224], [1571, 224], [1570, 225], [1568, 225], [1567, 226], [1566, 226], [1565, 227], [1563, 227], [1562, 228], [1561, 228], [1560, 229], [1558, 229], [1557, 230], [1556, 230], [1555, 231], [1554, 231], [1547, 238], [1546, 238], [1539, 245], [1539, 246], [1537, 248], [1537, 249], [1536, 250], [1536, 251], [1535, 252], [1535, 253], [1534, 254], [1534, 256], [1533, 257], [1533, 259], [1532, 260], [1532, 261], [1530, 263], [1530, 264], [1528, 266], [1528, 267], [1524, 271], [1523, 271], [1521, 273], [1521, 274], [1519, 276], [1519, 277], [1517, 279], [1517, 280], [1516, 281], [1516, 282], [1514, 284], [1514, 285], [1511, 288], [1511, 289], [1505, 295], [1505, 296], [1501, 300], [1501, 301], [1500, 302], [1500, 303], [1498, 305], [1498, 306], [1497, 307], [1497, 308], [1489, 316], [1488, 316], [1485, 319], [1485, 320], [1483, 322], [1483, 323], [1481, 325], [1481, 326], [1476, 331], [1475, 331], [1469, 337], [1469, 338], [1467, 340], [1467, 341], [1466, 342], [1466, 343], [1459, 350], [1458, 350], [1454, 354], [1454, 355], [1453, 356], [1453, 358], [1452, 359], [1452, 361], [1451, 362], [1451, 363], [1450, 364], [1450, 366], [1449, 367], [1449, 368], [1448, 369], [1448, 370], [1447, 371], [1447, 372], [1446, 373], [1446, 374], [1444, 376], [1444, 377], [1442, 379], [1442, 380], [1441, 381], [1441, 382], [1440, 383], [1440, 384], [1439, 385], [1439, 386], [1438, 387], [1438, 393], [1437, 394], [1437, 405], [1436, 406], [1436, 425], [1437, 426], [1437, 436], [1438, 437], [1438, 439], [1439, 440], [1439, 441], [1441, 443], [1441, 444], [1445, 448], [1445, 449], [1447, 451], [1447, 452], [1448, 453], [1448, 454], [1449, 455], [1449, 457], [1450, 458], [1450, 459], [1451, 460], [1451, 462], [1452, 463], [1452, 464], [1453, 465], [1453, 467], [1455, 469], [1455, 470], [1457, 472], [1458, 472], [1465, 479], [1465, 480], [1466, 481], [1466, 482], [1467, 483], [1467, 484], [1468, 485], [1468, 486], [1475, 493], [1476, 493], [1480, 497], [1480, 498], [1481, 499], [1481, 500], [1482, 501], [1482, 502], [1483, 503], [1483, 504], [1484, 505], [1484, 506], [1485, 507], [1485, 508], [1486, 509], [1486, 510], [1488, 512], [1488, 513], [1493, 518], [1494, 518], [1502, 526], [1502, 527], [1506, 531], [1506, 532], [1507, 532], [1508, 533], [1509, 533], [1517, 541], [1517, 542], [1518, 543], [1518, 544], [1519, 545], [1519, 547], [1520, 548], [1520, 554], [1521, 555], [1521, 559], [1522, 560], [1522, 563], [1523, 563], [1524, 562], [1524, 559], [1525, 558], [1525, 553], [1526, 552], [1526, 547], [1527, 546], [1527, 542], [1528, 541], [1528, 537], [1529, 536], [1529, 531], [1530, 530], [1530, 528], [1531, 527], [1531, 526], [1532, 525], [1532, 523], [1534, 521], [1534, 520], [1535, 519], [1535, 518], [1538, 515], [1538, 514], [1539, 513], [1539, 512], [1540, 511], [1540, 509], [1541, 508], [1541, 506], [1542, 505], [1542, 502], [1543, 501], [1543, 499], [1544, 498], [1544, 497], [1545, 496], [1545, 495], [1546, 494], [1546, 493], [1547, 492], [1547, 491], [1548, 490], [1548, 489], [1549, 488], [1549, 487], [1551, 485], [1551, 484], [1552, 483], [1552, 482], [1554, 480], [1554, 479], [1557, 476], [1557, 475], [1559, 473], [1559, 472], [1561, 470], [1561, 469], [1563, 467], [1563, 466], [1568, 461], [1569, 461], [1571, 459], [1572, 459], [1575, 456], [1576, 456], [1582, 450], [1582, 449], [1586, 445], [1587, 445], [1589, 443], [1590, 443], [1592, 441], [1593, 441], [1595, 439], [1596, 439], [1599, 436], [1600, 436], [1606, 430], [1607, 430], [1610, 427], [1611, 427], [1613, 425], [1614, 425], [1616, 423], [1617, 423], [1618, 422], [1620, 422], [1621, 421], [1623, 421], [1624, 420], [1626, 420], [1627, 419], [1629, 419], [1630, 418], [1632, 418], [1633, 417], [1650, 417], [1651, 418], [1652, 418], [1653, 419], [1655, 419], [1656, 420], [1657, 420], [1658, 421], [1659, 421], [1660, 422], [1662, 422], [1663, 423], [1665, 423], [1666, 424], [1668, 424], [1669, 425], [1671, 425], [1672, 426], [1675, 426], [1676, 427], [1678, 427], [1679, 428], [1680, 428], [1681, 429], [1683, 429], [1686, 432], [1687, 432], [1691, 436], [1692, 436], [1693, 437], [1694, 437], [1696, 439], [1698, 439], [1699, 440], [1700, 440], [1702, 442], [1703, 442], [1704, 443], [1705, 443], [1707, 445], [1708, 445], [1710, 447], [1711, 447], [1718, 454], [1718, 455], [1721, 458], [1721, 459], [1723, 461], [1723, 462], [1725, 464], [1725, 465], [1727, 467], [1727, 468], [1730, 471], [1730, 472], [1732, 474], [1732, 475], [1734, 477], [1734, 478], [1735, 479], [1735, 480], [1736, 481], [1736, 482], [1737, 483], [1737, 485], [1738, 486], [1738, 488], [1739, 489], [1739, 492], [1740, 493], [1740, 496], [1741, 497], [1741, 500], [1742, 501], [1742, 502], [1743, 503], [1743, 504], [1744, 505], [1744, 506], [1745, 507], [1745, 508], [1746, 509], [1746, 510], [1747, 511], [1747, 512], [1749, 514], [1749, 515], [1750, 516], [1750, 517], [1751, 518], [1751, 519], [1752, 520], [1752, 521], [1753, 522], [1753, 523], [1754, 524], [1754, 525], [1755, 526], [1755, 527], [1756, 528], [1756, 529], [1757, 530], [1757, 533], [1758, 534], [1758, 537], [1759, 538], [1759, 541], [1760, 542], [1760, 545], [1761, 546], [1761, 547], [1760, 548], [1760, 551], [1759, 552], [1759, 555], [1758, 556], [1758, 559], [1757, 560], [1757, 564], [1756, 565], [1756, 571], [1755, 572], [1755, 580], [1756, 581], [1756, 582], [1757, 583], [1757, 584], [1758, 585], [1758, 586], [1763, 591], [1766, 588], [1766, 587], [1767, 586], [1767, 585], [1768, 584], [1768, 583], [1769, 582], [1769, 581], [1770, 580], [1770, 578], [1771, 577], [1771, 573], [1772, 572], [1772, 570], [1773, 569], [1773, 567], [1775, 565], [1775, 564], [1777, 562], [1778, 562], [1779, 561], [1779, 560], [1780, 559], [1780, 558], [1782, 556], [1782, 555], [1783, 554], [1783, 553], [1784, 552], [1784, 550], [1785, 549], [1785, 548], [1787, 546], [1787, 545], [1794, 538], [1795, 538], [1797, 536], [1797, 535], [1800, 532], [1800, 531], [1801, 530], [1801, 529], [1802, 528], [1802, 527], [1803, 526], [1803, 525], [1804, 524], [1804, 523], [1806, 521], [1806, 520], [1811, 515], [1811, 514], [1813, 512], [1813, 511], [1814, 510], [1814, 509], [1815, 508], [1815, 507], [1816, 506], [1816, 505], [1817, 504], [1817, 502], [1818, 501], [1818, 499], [1819, 498], [1819, 497], [1820, 496], [1820, 495], [1821, 494], [1821, 493], [1822, 492], [1822, 491], [1830, 483], [1830, 482], [1831, 481], [1831, 480], [1832, 479], [1832, 478], [1833, 477], [1833, 476], [1834, 475], [1834, 474], [1835, 473], [1835, 471], [1836, 470], [1836, 469], [1837, 468], [1837, 467], [1838, 466], [1838, 465], [1841, 462], [1841, 461], [1842, 460], [1843, 460], [1846, 457], [1846, 456], [1848, 454], [1848, 453], [1850, 451], [1850, 450], [1851, 449], [1851, 448], [1858, 441], [1859, 441], [1865, 435], [1865, 434], [1866, 433], [1866, 432], [1867, 431], [1867, 430], [1869, 428], [1869, 427], [1871, 425], [1871, 424], [1877, 418], [1877, 417], [1878, 416], [1878, 415], [1879, 414], [1879, 412], [1880, 411], [1880, 409], [1881, 408], [1881, 405], [1882, 404], [1882, 387], [1881, 386], [1881, 384], [1880, 383], [1880, 382], [1879, 381], [1879, 380], [1877, 378], [1877, 377], [1874, 374], [1873, 374], [1872, 373], [1872, 372], [1867, 367], [1866, 367], [1864, 365], [1863, 365], [1861, 363], [1860, 363], [1859, 362], [1858, 362], [1851, 355], [1851, 354], [1847, 350], [1846, 350], [1844, 348], [1843, 348], [1842, 347], [1841, 347], [1834, 340], [1834, 339], [1831, 336], [1831, 335], [1830, 334], [1829, 334], [1827, 332], [1826, 332], [1819, 325], [1819, 324], [1818, 323], [1818, 322], [1812, 316], [1811, 316], [1809, 314], [1808, 314], [1804, 310], [1804, 309], [1802, 307], [1802, 306], [1801, 305], [1801, 304], [1796, 299], [1795, 299], [1788, 292], [1788, 291], [1786, 289], [1786, 288], [1783, 285], [1782, 285], [1780, 283], [1779, 283], [1771, 275], [1771, 274], [1766, 269], [1765, 269], [1763, 267], [1762, 267], [1761, 266], [1760, 266], [1759, 265], [1758, 265], [1756, 263], [1755, 263], [1751, 259], [1751, 258], [1743, 250], [1743, 249], [1741, 247], [1741, 246], [1740, 245], [1740, 244], [1739, 243], [1739, 242], [1738, 241], [1738, 239], [1737, 238], [1737, 237], [1736, 236], [1736, 234], [1734, 232], [1734, 231], [1733, 230], [1733, 229], [1731, 227], [1731, 226], [1730, 225], [1730, 224], [1728, 222], [1728, 221], [1727, 220], [1727, 219], [1725, 217], [1725, 216], [1724, 215], [1724, 214], [1723, 213], [1723, 212], [1722, 211], [1722, 210], [1718, 206], [1717, 206], [1715, 204], [1714, 204], [1712, 202], [1711, 202], [1701, 192], [1700, 192], [1699, 191], [1697, 191], [1696, 190], [1693, 190], [1692, 189], [1689, 189], [1688, 188], [1684, 188], [1683, 187], [1678, 187], [1677, 186], [1673, 186], [1672, 185], [1669, 185], [1668, 184], [1660, 184], [1659, 183]]","[[1685, 690], [1378, 450], [1625, 133], [1933, 373]]",0.9998337,pixels
7,MHR.7997.jpg,autozooid,441.78668212890625,372.810546875,99695.5,1269.0407520532608,0.9597318020572111,0.7779188276108231,0.8554055010415609,396.719970703125,339.3564453125,-47.9545783996582,303,1363,0.16695758559933543,0.0013169713117742745,0.00019488366814370946,4.7760739334754795e-06,7.722159342828721e-11,2.8914849331814966e-09,1.2356662679252851e-10,"[[236, 1190], [235, 1191], [226, 1191], [225, 1192], [219, 1192], [218, 1193], [212, 1193], [211, 1194], [208, 1194], [207, 1195], [204, 1195], [203, 1196], [201, 1196], [200, 1197], [198, 1197], [197, 1198], [196, 1198], [195, 1199], [194, 1199], [192, 1201], [191, 1201], [189, 1203], [188, 1203], [187, 1204], [186, 1204], [185, 1205], [184, 1205], [183, 1206], [181, 1206], [180, 1207], [179, 1207], [178, 1208], [177, 1208], [175, 1210], [174, 1210], [168, 1216], [167, 1216], [165, 1218], [164, 1218], [163, 1219], [162, 1219], [156, 1225], [156, 1226], [149, 1233], [148, 1233], [143, 1238], [143, 1239], [142, 1240], [142, 1241], [141, 1242], [141, 1243], [140, 1244], [140, 1245], [131, 1254], [131, 1256], [130, 1257], [130, 1258], [129, 1259], [129, 1261], [128, 1262], [128, 1264], [127, 1265], [127, 1269], [126, 1270], [126, 1277], [125, 1278], [125, 1284], [124, 1285], [124, 1290], [123, 1291], [123, 1302], [124, 1303], [124, 1321], [125, 1322], [125, 1330], [126, 1331], [126, 1347], [127, 1348], [127, 1353], [128, 1354], [128, 1357], [129, 1358], [129, 1362], [130, 1363], [130, 1366], [131, 1367], [131, 1370], [132, 1371], [132, 1373], [133, 1374], [133, 1377], [134, 1378], [134, 1381], [135, 1382], [135, 1383], [137, 1385], [137, 1386], [138, 1387], [138, 1389], [139, 1390], [139, 1391], [140, 1392], [140, 1395], [141, 1396], [141, 1398], [142, 1399], [142, 1402], [143, 1403], [143, 1408], [144, 1409], [144, 1414], [145, 1415], [145, 1417], [146, 1418], [146, 1420], [147, 1421], [147, 1423], [148, 1424], [148, 1426], [149, 1427], [149, 1428], [150, 1429], [150, 1430], [151, 1431], [152, 1431], [157, 1436], [157, 1437], [159, 1439], [159, 1440], [160, 1441], [160, 1444], [161, 1445], [161, 1447], [162, 1448], [162, 1450], [163, 1451], [163, 1452], [164, 1453], [164, 1455], [163, 1456], [163, 1462], [162, 1463], [162, 1480], [163, 1481], [163, 1483], [164, 1484], [164, 1486], [165, 1487], [165, 1490], [166, 1491], [166, 1492], [168, 1494], [169, 1494], [170, 1495], [171, 1495], [172, 1496], [173, 1496], [174, 1497], [175, 1497], [176, 1498], [177, 1498], [180, 1501], [181, 1501], [184, 1504], [184, 1505], [186, 1507], [187, 1507], [188, 1508], [189, 1508], [190, 1509], [191, 1509], [192, 1510], [194, 1510], [195, 1511], [201, 1511], [202, 1512], [220, 1512], [221, 1513], [238, 1513], [239, 1514], [252, 1514], [253, 1515], [262, 1515], [263, 1516], [266, 1516], [267, 1517], [270, 1517], [271, 1518], [274, 1518], [275, 1519], [277, 1519], [278, 1520], [280, 1520], [281, 1521], [284, 1521], [285, 1522], [289, 1522], [290, 1523], [294, 1523], [295, 1524], [301, 1524], [302, 1525], [308, 1525], [309, 1526], [317, 1526], [318, 1527], [328, 1527], [329, 1528], [344, 1528], [345, 1529], [392, 1529], [393, 1528], [404, 1528], [405, 1527], [409, 1527], [410, 1526], [414, 1526], [415, 1525], [418, 1525], [422, 1521], [422, 1520], [423, 1519], [423, 1518], [424, 1517], [424, 1515], [425, 1514], [425, 1512], [426, 1511], [426, 1509], [427, 1508], [427, 1505], [428, 1504], [428, 1503], [429, 1502], [429, 1500], [430, 1499], [430, 1498], [432, 1496], [432, 1495], [435, 1492], [435, 1491], [437, 1489], [437, 1488], [438, 1487], [438, 1486], [439, 1485], [439, 1483], [440, 1482], [440, 1480], [441, 1479], [441, 1477], [442, 1476], [442, 1475], [443, 1474], [443, 1473], [444, 1472], [444, 1471], [445, 1470], [445, 1469], [446, 1468], [446, 1467], [448, 1465], [449, 1465], [459, 1455], [459, 1454], [465, 1448], [466, 1448], [467, 1447], [468, 1447], [474, 1441], [474, 1440], [478, 1436], [479, 1436], [481, 1434], [482, 1434], [483, 1433], [484, 1433], [486, 1431], [487, 1431], [490, 1428], [490, 1427], [494, 1423], [495, 1423], [496, 1422], [497, 1422], [498, 1421], [499, 1421], [501, 1419], [502, 1419], [505, 1416], [506, 1416], [507, 1415], [507, 1414], [510, 1411], [511, 1411], [513, 1409], [514, 1409], [515, 1408], [516, 1408], [518, 1406], [519, 1406], [530, 1395], [531, 1395], [535, 1391], [535, 1390], [537, 1388], [537, 1387], [538, 1386], [538, 1382], [539, 1381], [539, 1377], [540, 1376], [540, 1373], [535, 1368], [534, 1368], [531, 1365], [530, 1365], [528, 1363], [527, 1363], [523, 1359], [522, 1359], [520, 1357], [519, 1357], [518, 1356], [517, 1356], [516, 1355], [514, 1355], [513, 1354], [512, 1354], [511, 1353], [509, 1353], [508, 1352], [507, 1352], [505, 1350], [504, 1350], [498, 1344], [497, 1344], [496, 1343], [494, 1343], [493, 1342], [492, 1342], [491, 1341], [489, 1341], [488, 1340], [487, 1340], [486, 1339], [485, 1339], [484, 1338], [483, 1338], [482, 1337], [481, 1337], [480, 1336], [479, 1336], [476, 1333], [476, 1332], [475, 1331], [474, 1331], [471, 1328], [470, 1328], [468, 1326], [467, 1326], [466, 1325], [465, 1325], [459, 1319], [459, 1318], [456, 1315], [456, 1314], [441, 1299], [441, 1298], [439, 1296], [439, 1295], [434, 1290], [433, 1290], [432, 1289], [431, 1289], [425, 1283], [425, 1282], [423, 1280], [423, 1279], [419, 1275], [418, 1275], [416, 1273], [415, 1273], [412, 1270], [412, 1269], [410, 1267], [410, 1265], [409, 1264], [409, 1263], [407, 1261], [407, 1260], [406, 1259], [406, 1258], [394, 1246], [394, 1245], [392, 1243], [392, 1242], [391, 1241], [391, 1240], [388, 1237], [387, 1237], [385, 1235], [384, 1235], [379, 1230], [379, 1229], [378, 1228], [378, 1227], [372, 1221], [371, 1221], [370, 1220], [369, 1220], [368, 1219], [367, 1219], [365, 1217], [364, 1217], [359, 1212], [358, 1212], [356, 1210], [355, 1210], [354, 1209], [352, 1209], [351, 1208], [350, 1208], [349, 1207], [347, 1207], [346, 1206], [345, 1206], [344, 1205], [343, 1205], [342, 1204], [340, 1204], [339, 1203], [338, 1203], [337, 1202], [335, 1202], [333, 1200], [332, 1200], [331, 1199], [329, 1199], [328, 1198], [327, 1198], [326, 1197], [324, 1197], [323, 1196], [321, 1196], [320, 1195], [317, 1195], [316, 1194], [312, 1194], [311, 1193], [308, 1193], [307, 1192], [296, 1192], [295, 1191], [282, 1191], [281, 1192], [272, 1192], [271, 1191], [254, 1191], [253, 1190]]","[[321, 1632], [26, 1366], [254, 1114], [548, 1380]]",0.99976665,pixels
8,MHR.7997.jpg,autozooid,491.65069580078125,390.10894775390625,123903.5,1480.1189633607864,0.9210581090222489,0.7107227097653247,0.8269530796211129,454.7297058105469,376.0401306152344,-39.72932815551758,571,1173,0.1654791194355607,0.00080052454264044,4.223375761546029e-05,1.0245108515375699e-06,-6.354306639547765e-12,2.72111203171379e-08,2.2447366391654527e-12,"[[554, 989], [553, 990], [547, 990], [546, 991], [541, 991], [540, 992], [536, 992], [534, 994], [533, 994], [532, 995], [531, 995], [530, 996], [529, 996], [528, 997], [527, 997], [526, 998], [525, 998], [524, 999], [521, 999], [520, 1000], [518, 1000], [517, 1001], [514, 1001], [513, 1002], [510, 1002], [509, 1003], [507, 1003], [506, 1004], [504, 1004], [503, 1005], [502, 1005], [501, 1006], [499, 1006], [497, 1008], [496, 1008], [495, 1009], [494, 1009], [493, 1010], [492, 1010], [491, 1011], [490, 1011], [489, 1012], [488, 1012], [487, 1013], [485, 1013], [484, 1014], [481, 1014], [480, 1015], [477, 1015], [476, 1016], [473, 1016], [472, 1017], [469, 1017], [468, 1018], [464, 1018], [463, 1019], [460, 1019], [459, 1020], [456, 1020], [455, 1021], [452, 1021], [451, 1022], [449, 1022], [448, 1023], [446, 1023], [445, 1024], [441, 1024], [440, 1025], [436, 1025], [435, 1026], [431, 1026], [430, 1027], [428, 1027], [427, 1028], [426, 1028], [425, 1029], [423, 1029], [422, 1030], [420, 1030], [419, 1031], [418, 1031], [417, 1032], [416, 1032], [415, 1033], [414, 1033], [413, 1034], [412, 1034], [410, 1036], [410, 1037], [406, 1041], [406, 1042], [402, 1046], [401, 1046], [397, 1050], [396, 1050], [390, 1056], [390, 1057], [386, 1061], [386, 1062], [383, 1065], [383, 1066], [370, 1079], [370, 1080], [369, 1081], [369, 1082], [367, 1084], [367, 1085], [365, 1087], [365, 1088], [363, 1090], [363, 1091], [359, 1095], [359, 1096], [357, 1098], [357, 1099], [356, 1100], [356, 1101], [354, 1103], [354, 1104], [353, 1105], [353, 1107], [352, 1108], [352, 1110], [351, 1111], [351, 1113], [350, 1114], [350, 1116], [349, 1117], [349, 1118], [348, 1119], [348, 1122], [347, 1123], [347, 1125], [346, 1126], [346, 1127], [345, 1128], [345, 1130], [344, 1131], [344, 1132], [343, 1133], [343, 1150], [344, 1151], [344, 1157], [345, 1158], [345, 1162], [346, 1163], [346, 1165], [347, 1166], [347, 1169], [348, 1170], [348, 1173], [349, 1174], [349, 1177], [350, 1178], [350, 1180], [351, 1181], [351, 1184], [352, 1185], [352, 1187], [353, 1188], [353, 1190], [355, 1192], [355, 1193], [356, 1194], [356, 1195], [362, 1201], [362, 1202], [366, 1206], [366, 1207], [368, 1209], [368, 1210], [369, 1211], [369, 1212], [371, 1214], [371, 1215], [372, 1216], [372, 1217], [377, 1222], [378, 1222], [380, 1224], [381, 1224], [385, 1228], [385, 1229], [387, 1231], [387, 1233], [388, 1234], [388, 1235], [389, 1236], [389, 1237], [390, 1238], [390, 1239], [392, 1241], [392, 1242], [393, 1243], [393, 1244], [395, 1246], [396, 1246], [403, 1253], [403, 1254], [404, 1255], [404, 1256], [405, 1257], [405, 1258], [406, 1259], [406, 1260], [407, 1261], [407, 1262], [410, 1265], [410, 1266], [412, 1268], [413, 1268], [420, 1275], [420, 1276], [424, 1280], [424, 1281], [432, 1289], [433, 1289], [439, 1295], [439, 1296], [441, 1298], [441, 1299], [442, 1300], [442, 1301], [445, 1304], [446, 1304], [448, 1306], [449, 1306], [451, 1308], [452, 1308], [457, 1313], [457, 1314], [462, 1319], [463, 1319], [465, 1321], [467, 1321], [468, 1322], [469, 1322], [472, 1325], [473, 1325], [474, 1326], [474, 1327], [480, 1333], [481, 1333], [482, 1334], [483, 1334], [484, 1335], [485, 1335], [486, 1336], [487, 1336], [489, 1338], [490, 1338], [497, 1345], [498, 1345], [499, 1346], [500, 1346], [501, 1347], [503, 1347], [504, 1348], [506, 1348], [507, 1349], [509, 1349], [510, 1350], [511, 1350], [512, 1351], [514, 1351], [515, 1352], [516, 1352], [517, 1353], [518, 1353], [520, 1355], [521, 1355], [525, 1359], [526, 1359], [528, 1361], [529, 1361], [530, 1362], [531, 1362], [533, 1364], [534, 1364], [535, 1365], [536, 1365], [537, 1366], [539, 1366], [540, 1367], [541, 1367], [542, 1368], [543, 1368], [544, 1369], [545, 1369], [546, 1370], [547, 1370], [548, 1371], [549, 1371], [550, 1372], [552, 1372], [553, 1373], [555, 1373], [556, 1372], [560, 1372], [561, 1371], [564, 1371], [565, 1370], [567, 1370], [568, 1369], [570, 1369], [571, 1368], [572, 1368], [573, 1367], [574, 1367], [575, 1366], [576, 1366], [577, 1365], [579, 1365], [580, 1364], [581, 1364], [582, 1363], [585, 1363], [586, 1362], [588, 1362], [589, 1361], [592, 1361], [593, 1360], [595, 1360], [596, 1359], [598, 1359], [599, 1358], [600, 1358], [601, 1357], [602, 1357], [603, 1356], [604, 1356], [605, 1355], [606, 1355], [607, 1354], [608, 1354], [609, 1353], [610, 1353], [611, 1352], [613, 1352], [614, 1351], [616, 1351], [617, 1350], [619, 1350], [620, 1349], [623, 1349], [624, 1348], [640, 1348], [641, 1347], [643, 1347], [644, 1348], [666, 1348], [667, 1349], [682, 1349], [683, 1350], [689, 1350], [690, 1351], [695, 1351], [696, 1352], [698, 1352], [699, 1353], [701, 1353], [702, 1354], [703, 1354], [704, 1355], [705, 1355], [706, 1356], [707, 1356], [708, 1357], [710, 1357], [711, 1358], [730, 1358], [731, 1357], [733, 1357], [734, 1356], [736, 1356], [736, 1355], [737, 1354], [737, 1338], [736, 1337], [736, 1333], [735, 1332], [735, 1328], [734, 1327], [734, 1326], [733, 1325], [733, 1324], [732, 1323], [732, 1322], [731, 1321], [731, 1320], [730, 1319], [730, 1318], [729, 1317], [729, 1316], [728, 1315], [728, 1314], [727, 1313], [727, 1312], [726, 1311], [726, 1310], [725, 1309], [725, 1307], [724, 1306], [724, 1304], [723, 1303], [723, 1301], [722, 1300], [722, 1298], [721, 1297], [721, 1295], [720, 1294], [720, 1292], [719, 1291], [719, 1289], [718, 1288], [718, 1287], [717, 1286], [717, 1278], [716, 1277], [716, 1257], [717, 1256], [717, 1254], [718, 1253], [718, 1252], [719, 1251], [719, 1250], [720, 1249], [720, 1248], [721, 1247], [721, 1245], [729, 1237], [730, 1237], [731, 1236], [732, 1236], [733, 1235], [734, 1235], [735, 1234], [736, 1234], [737, 1233], [738, 1233], [739, 1232], [741, 1232], [742, 1231], [743, 1231], [744, 1230], [745, 1230], [746, 1229], [747, 1229], [750, 1226], [751, 1226], [753, 1224], [754, 1224], [755, 1223], [756, 1223], [757, 1222], [758, 1222], [759, 1221], [761, 1221], [762, 1220], [764, 1220], [765, 1219], [768, 1219], [769, 1218], [772, 1218], [773, 1217], [775, 1217], [776, 1216], [778, 1216], [779, 1215], [780, 1215], [781, 1214], [783, 1214], [784, 1213], [786, 1213], [787, 1212], [789, 1212], [790, 1211], [793, 1211], [794, 1210], [797, 1210], [798, 1209], [817, 1209], [819, 1207], [819, 1206], [821, 1204], [821, 1202], [822, 1201], [822, 1174], [820, 1172], [820, 1171], [817, 1168], [816, 1168], [814, 1166], [813, 1166], [808, 1161], [807, 1161], [804, 1158], [803, 1158], [802, 1157], [801, 1157], [800, 1156], [799, 1156], [798, 1155], [797, 1155], [794, 1152], [793, 1152], [789, 1148], [789, 1147], [787, 1145], [786, 1145], [784, 1143], [783, 1143], [782, 1142], [781, 1142], [779, 1140], [778, 1140], [770, 1132], [770, 1131], [759, 1120], [759, 1119], [758, 1118], [758, 1117], [756, 1115], [756, 1114], [755, 1113], [755, 1112], [754, 1111], [754, 1110], [752, 1108], [752, 1107], [751, 1106], [751, 1105], [748, 1102], [748, 1101], [743, 1096], [743, 1095], [742, 1094], [742, 1093], [741, 1092], [741, 1091], [740, 1090], [740, 1088], [739, 1087], [739, 1085], [738, 1084], [738, 1082], [737, 1081], [737, 1079], [736, 1078], [736, 1076], [723, 1063], [723, 1061], [722, 1060], [722, 1059], [721, 1058], [721, 1057], [720, 1056], [720, 1054], [719, 1053], [719, 1052], [718, 1051], [718, 1050], [717, 1049], [717, 1048], [712, 1043], [711, 1043], [706, 1038], [706, 1037], [704, 1035], [704, 1034], [703, 1033], [703, 1032], [702, 1031], [702, 1030], [700, 1028], [700, 1027], [697, 1024], [697, 1023], [694, 1020], [693, 1020], [677, 1004], [675, 1004], [674, 1003], [672, 1003], [671, 1002], [669, 1002], [668, 1001], [665, 1001], [664, 1000], [661, 1000], [660, 999], [649, 999], [648, 998], [638, 998], [637, 997], [630, 997], [629, 996], [624, 996], [623, 995], [620, 995], [619, 994], [617, 994], [616, 993], [613, 993], [612, 992], [609, 992], [608, 991], [602, 991], [601, 990], [593, 990], [592, 989]]","[[587, 1479], [296, 1129], [585, 889], [876, 1239]]",0.99972755,pixels
9,MHR.7997.jpg,autozooid,468.1484375,403.70050048828125,108583.0,1450.7636221647263,0.9112446395152695,0.6483035298173349,0.6230077437145557,507.9251708984375,316.4413146972656,-37.030391693115234,871,1011,0.1772204658125235,0.004953361434637822,6.459485569061388e-05,6.852783227744565e-07,9.883432415274944e-13,2.1842367079864827e-08,4.450900741048516e-12,"[[750, 839], [749, 840], [732, 840], [731, 841], [723, 841], [722, 842], [720, 842], [719, 843], [717, 843], [716, 844], [715, 844], [714, 845], [712, 845], [711, 846], [710, 846], [709, 847], [708, 847], [707, 848], [704, 848], [703, 849], [697, 849], [696, 850], [691, 850], [690, 851], [689, 851], [688, 852], [687, 852], [685, 854], [684, 854], [683, 855], [682, 855], [680, 857], [679, 857], [678, 858], [677, 858], [676, 859], [675, 859], [670, 864], [670, 868], [669, 869], [669, 873], [668, 874], [668, 878], [666, 880], [666, 881], [665, 882], [665, 883], [664, 884], [664, 885], [663, 886], [663, 888], [662, 889], [662, 891], [661, 892], [661, 896], [660, 897], [660, 903], [659, 904], [659, 935], [660, 936], [660, 938], [661, 939], [661, 941], [662, 942], [662, 945], [663, 946], [663, 949], [664, 950], [664, 953], [665, 954], [665, 957], [666, 958], [666, 960], [667, 961], [667, 964], [668, 965], [668, 967], [669, 968], [669, 970], [670, 971], [670, 973], [671, 974], [671, 975], [672, 976], [672, 977], [673, 978], [673, 979], [674, 980], [674, 981], [676, 983], [676, 984], [677, 985], [677, 986], [678, 987], [678, 988], [679, 989], [679, 991], [680, 992], [680, 993], [681, 994], [681, 995], [682, 996], [682, 997], [685, 1000], [685, 1001], [688, 1004], [688, 1005], [694, 1011], [694, 1012], [696, 1014], [696, 1015], [698, 1017], [698, 1018], [699, 1019], [699, 1020], [700, 1021], [700, 1022], [701, 1023], [701, 1024], [702, 1025], [702, 1026], [703, 1027], [703, 1028], [705, 1030], [705, 1031], [710, 1036], [710, 1037], [711, 1038], [711, 1039], [712, 1040], [712, 1041], [713, 1042], [713, 1043], [714, 1044], [714, 1045], [715, 1046], [715, 1048], [716, 1049], [716, 1050], [717, 1051], [717, 1052], [718, 1053], [718, 1054], [728, 1064], [728, 1065], [729, 1066], [729, 1067], [730, 1068], [730, 1069], [731, 1070], [731, 1071], [732, 1072], [732, 1074], [733, 1075], [733, 1076], [734, 1077], [734, 1078], [735, 1079], [735, 1081], [737, 1083], [737, 1084], [738, 1085], [738, 1086], [743, 1091], [743, 1092], [745, 1094], [745, 1095], [746, 1096], [746, 1097], [747, 1098], [747, 1099], [749, 1101], [749, 1102], [750, 1103], [750, 1104], [751, 1105], [751, 1106], [752, 1107], [752, 1108], [759, 1115], [760, 1115], [762, 1117], [762, 1118], [766, 1122], [766, 1123], [773, 1130], [774, 1130], [776, 1132], [777, 1132], [781, 1136], [781, 1137], [787, 1143], [788, 1143], [789, 1144], [790, 1144], [791, 1145], [792, 1145], [794, 1147], [795, 1147], [798, 1150], [799, 1150], [800, 1151], [800, 1152], [801, 1153], [802, 1153], [805, 1156], [806, 1156], [807, 1157], [808, 1157], [809, 1158], [811, 1158], [812, 1159], [814, 1159], [815, 1160], [816, 1160], [817, 1161], [818, 1161], [823, 1166], [824, 1166], [825, 1167], [828, 1167], [829, 1168], [831, 1168], [832, 1169], [835, 1169], [836, 1170], [838, 1170], [839, 1171], [841, 1171], [845, 1175], [846, 1175], [851, 1180], [851, 1181], [852, 1182], [852, 1184], [853, 1185], [853, 1187], [854, 1188], [854, 1190], [855, 1191], [855, 1192], [856, 1193], [856, 1194], [857, 1195], [856, 1196], [856, 1210], [857, 1211], [858, 1211], [859, 1210], [860, 1210], [861, 1209], [862, 1209], [864, 1207], [865, 1207], [866, 1206], [869, 1206], [870, 1205], [874, 1205], [876, 1203], [877, 1203], [879, 1201], [880, 1201], [882, 1199], [883, 1199], [884, 1198], [885, 1198], [886, 1197], [887, 1197], [888, 1196], [889, 1196], [891, 1194], [892, 1194], [893, 1193], [894, 1193], [896, 1191], [898, 1191], [899, 1190], [900, 1190], [901, 1189], [903, 1189], [904, 1188], [907, 1188], [908, 1187], [910, 1187], [911, 1186], [913, 1186], [914, 1185], [917, 1185], [918, 1184], [920, 1184], [921, 1183], [923, 1183], [924, 1182], [926, 1182], [927, 1181], [930, 1181], [931, 1180], [933, 1180], [934, 1179], [937, 1179], [938, 1178], [944, 1178], [945, 1177], [955, 1177], [956, 1176], [962, 1176], [963, 1177], [976, 1177], [977, 1178], [981, 1178], [982, 1179], [985, 1179], [986, 1180], [989, 1180], [990, 1181], [993, 1181], [994, 1182], [996, 1182], [997, 1183], [1000, 1183], [1001, 1184], [1004, 1184], [1005, 1185], [1009, 1185], [1010, 1186], [1013, 1186], [1014, 1187], [1016, 1187], [1017, 1188], [1018, 1188], [1019, 1189], [1021, 1189], [1023, 1191], [1024, 1191], [1025, 1192], [1027, 1192], [1028, 1193], [1029, 1193], [1030, 1194], [1031, 1194], [1032, 1195], [1034, 1195], [1035, 1196], [1037, 1196], [1038, 1197], [1040, 1197], [1041, 1198], [1049, 1198], [1050, 1199], [1062, 1199], [1063, 1198], [1065, 1198], [1066, 1197], [1068, 1197], [1069, 1196], [1071, 1196], [1072, 1195], [1073, 1195], [1070, 1192], [1070, 1191], [1069, 1190], [1069, 1188], [1068, 1187], [1068, 1182], [1067, 1181], [1067, 1180], [1061, 1174], [1061, 1173], [1058, 1170], [1058, 1169], [1054, 1165], [1054, 1164], [1052, 1162], [1052, 1160], [1051, 1159], [1051, 1158], [1050, 1157], [1050, 1155], [1049, 1154], [1049, 1152], [1048, 1151], [1048, 1150], [1046, 1148], [1046, 1147], [1045, 1146], [1045, 1145], [1043, 1143], [1043, 1142], [1042, 1141], [1042, 1139], [1041, 1138], [1041, 1137], [1040, 1136], [1040, 1133], [1039, 1132], [1039, 1129], [1038, 1128], [1038, 1124], [1037, 1123], [1037, 1121], [1038, 1120], [1038, 1108], [1039, 1107], [1039, 1105], [1040, 1104], [1040, 1102], [1041, 1101], [1041, 1098], [1042, 1097], [1042, 1094], [1044, 1092], [1044, 1091], [1046, 1089], [1046, 1088], [1048, 1086], [1048, 1085], [1051, 1082], [1051, 1081], [1054, 1078], [1055, 1078], [1057, 1076], [1058, 1076], [1059, 1075], [1060, 1075], [1061, 1074], [1062, 1074], [1063, 1073], [1065, 1073], [1066, 1072], [1067, 1072], [1068, 1071], [1070, 1071], [1071, 1070], [1073, 1070], [1074, 1069], [1075, 1069], [1076, 1068], [1077, 1068], [1078, 1067], [1079, 1067], [1080, 1066], [1081, 1066], [1084, 1063], [1085, 1063], [1087, 1061], [1088, 1061], [1089, 1060], [1090, 1060], [1091, 1059], [1092, 1059], [1095, 1056], [1096, 1056], [1097, 1055], [1097, 1054], [1100, 1051], [1099, 1050], [1099, 1049], [1098, 1048], [1098, 1047], [1096, 1045], [1096, 1044], [1095, 1043], [1095, 1042], [1094, 1041], [1094, 1040], [1092, 1038], [1092, 1037], [1089, 1034], [1089, 1033], [1087, 1031], [1087, 1030], [1086, 1029], [1086, 1028], [1085, 1027], [1085, 1026], [1084, 1025], [1084, 1024], [1083, 1023], [1083, 1022], [1082, 1021], [1082, 1020], [1076, 1014], [1075, 1014], [1072, 1011], [1071, 1011], [1069, 1009], [1069, 1008], [1062, 1001], [1061, 1001], [1059, 999], [1058, 999], [1057, 998], [1056, 998], [1050, 992], [1050, 991], [1048, 989], [1047, 989], [1044, 986], [1043, 986], [1041, 984], [1040, 984], [1035, 979], [1035, 977], [1034, 976], [1034, 974], [1033, 973], [1033, 972], [1032, 971], [1032, 969], [1031, 968], [1031, 966], [1030, 965], [1030, 964], [1029, 963], [1029, 962], [1024, 957], [1023, 957], [1020, 954], [1020, 953], [1018, 951], [1018, 950], [1017, 949], [1017, 947], [1016, 946], [1016, 943], [1015, 942], [1015, 939], [1014, 938], [1014, 936], [1013, 935], [1013, 934], [1001, 922], [1001, 921], [1000, 920], [1000, 917], [999, 916], [999, 914], [998, 913], [998, 911], [997, 910], [997, 908], [996, 907], [996, 906], [991, 901], [990, 901], [985, 896], [985, 895], [983, 893], [983, 892], [982, 891], [982, 890], [980, 888], [980, 887], [975, 882], [974, 882], [966, 874], [965, 874], [962, 871], [961, 871], [960, 870], [959, 870], [958, 869], [952, 869], [951, 868], [940, 868], [939, 867], [924, 867], [923, 866], [920, 866], [919, 865], [917, 865], [916, 864], [914, 864], [913, 863], [911, 863], [910, 862], [907, 862], [906, 861], [903, 861], [902, 860], [899, 860], [898, 859], [894, 859], [893, 858], [889, 858], [888, 857], [884, 857], [883, 856], [880, 856], [879, 855], [875, 855], [874, 854], [872, 854], [871, 853], [869, 853], [868, 852], [867, 852], [866, 851], [865, 851], [864, 850], [863, 850], [862, 849], [861, 849], [860, 848], [859, 848], [858, 847], [855, 847], [854, 846], [848, 846], [847, 845], [841, 845], [840, 844], [832, 844], [831, 843], [819, 843], [818, 842], [792, 842], [791, 841], [771, 841], [770, 840], [759, 840], [758, 839]]","[[910, 1317], [604, 912], [856, 721], [1162, 1127]]",0.99967504,pixels
10,MHR.7997.jpg,autozooid,432.4161376953125,346.76513671875,101258.0,1263.3666549921036,0.9788819875776398,0.797224045284615,0.7223170177741777,435.0711669921875,314.2593078613281,-71.85442352294922,651,1520,0.1696244179796874,0.002306117451047703,0.0003295607971515287,4.831841850847639e-06,-1.4324223189381367e-10,-1.8852148294809292e-07,-1.2906822309504175e-10,"[[642, 1345], [641, 1346], [631, 1346], [630, 1347], [628, 1347], [627, 1348], [626, 1348], [624, 1350], [622, 1350], [621, 1351], [620, 1351], [619, 1352], [617, 1352], [616, 1353], [613, 1353], [612, 1354], [609, 1354], [608, 1355], [605, 1355], [604, 1356], [601, 1356], [600, 1357], [598, 1357], [596, 1359], [595, 1359], [591, 1363], [590, 1363], [588, 1365], [586, 1365], [585, 1366], [583, 1366], [582, 1367], [579, 1367], [578, 1368], [575, 1368], [574, 1369], [572, 1369], [571, 1370], [569, 1370], [568, 1371], [567, 1371], [566, 1372], [565, 1372], [563, 1374], [562, 1374], [561, 1375], [560, 1375], [559, 1376], [558, 1376], [557, 1377], [555, 1377], [554, 1378], [552, 1378], [550, 1380], [549, 1380], [540, 1389], [539, 1389], [537, 1391], [535, 1391], [534, 1392], [533, 1392], [531, 1394], [530, 1394], [523, 1401], [522, 1401], [520, 1403], [519, 1403], [507, 1415], [506, 1415], [504, 1417], [503, 1417], [498, 1422], [498, 1423], [495, 1426], [494, 1426], [492, 1428], [491, 1428], [490, 1429], [489, 1429], [484, 1434], [484, 1435], [477, 1442], [476, 1442], [474, 1444], [473, 1444], [471, 1446], [471, 1447], [468, 1450], [468, 1451], [466, 1453], [465, 1453], [462, 1456], [461, 1456], [458, 1459], [457, 1459], [457, 1460], [455, 1462], [455, 1463], [453, 1465], [453, 1466], [451, 1468], [451, 1469], [448, 1472], [448, 1473], [445, 1476], [444, 1476], [444, 1477], [441, 1480], [441, 1481], [440, 1482], [440, 1483], [439, 1484], [439, 1490], [438, 1491], [438, 1550], [439, 1551], [439, 1557], [440, 1558], [440, 1559], [441, 1560], [441, 1561], [444, 1564], [445, 1564], [450, 1569], [450, 1570], [452, 1572], [452, 1573], [461, 1582], [462, 1582], [463, 1583], [463, 1584], [469, 1590], [469, 1591], [473, 1595], [473, 1596], [474, 1596], [484, 1606], [484, 1607], [486, 1609], [486, 1610], [488, 1612], [489, 1612], [491, 1614], [492, 1614], [493, 1615], [495, 1615], [496, 1616], [497, 1616], [499, 1618], [500, 1618], [501, 1619], [502, 1619], [504, 1621], [505, 1621], [506, 1622], [507, 1622], [508, 1623], [511, 1623], [512, 1624], [515, 1624], [516, 1625], [520, 1625], [521, 1626], [529, 1626], [530, 1627], [537, 1627], [538, 1628], [541, 1628], [542, 1629], [544, 1629], [545, 1630], [547, 1630], [548, 1631], [549, 1631], [550, 1632], [551, 1632], [552, 1633], [553, 1633], [554, 1634], [555, 1634], [556, 1635], [557, 1635], [558, 1636], [560, 1636], [561, 1637], [563, 1637], [564, 1638], [566, 1638], [567, 1639], [570, 1639], [571, 1640], [573, 1640], [574, 1641], [576, 1641], [577, 1642], [578, 1642], [579, 1643], [580, 1643], [581, 1644], [582, 1644], [584, 1646], [585, 1646], [586, 1647], [587, 1647], [588, 1648], [590, 1648], [591, 1649], [593, 1649], [594, 1650], [596, 1650], [597, 1651], [600, 1651], [601, 1652], [604, 1652], [605, 1653], [607, 1653], [608, 1654], [610, 1654], [611, 1655], [612, 1655], [613, 1656], [614, 1656], [615, 1657], [616, 1657], [617, 1658], [618, 1658], [619, 1659], [620, 1659], [621, 1660], [623, 1660], [624, 1661], [626, 1661], [627, 1662], [631, 1662], [632, 1663], [641, 1663], [642, 1664], [648, 1664], [649, 1665], [652, 1665], [653, 1666], [655, 1666], [656, 1667], [657, 1667], [658, 1668], [660, 1668], [661, 1669], [662, 1669], [663, 1670], [665, 1670], [666, 1671], [669, 1671], [670, 1672], [673, 1672], [674, 1673], [682, 1673], [683, 1674], [741, 1674], [742, 1675], [754, 1675], [755, 1676], [760, 1676], [761, 1677], [766, 1677], [767, 1678], [771, 1678], [772, 1679], [776, 1679], [777, 1680], [780, 1680], [781, 1681], [783, 1681], [784, 1682], [785, 1682], [786, 1681], [788, 1681], [789, 1680], [791, 1680], [792, 1679], [794, 1679], [795, 1678], [796, 1678], [797, 1677], [799, 1677], [805, 1671], [805, 1670], [806, 1669], [806, 1668], [807, 1667], [807, 1666], [808, 1665], [808, 1664], [809, 1663], [809, 1662], [810, 1661], [810, 1660], [811, 1659], [811, 1658], [813, 1656], [813, 1655], [816, 1652], [816, 1651], [818, 1649], [818, 1648], [819, 1647], [819, 1646], [820, 1645], [820, 1644], [821, 1643], [821, 1642], [822, 1641], [822, 1640], [823, 1639], [823, 1638], [824, 1637], [824, 1635], [825, 1634], [825, 1633], [826, 1632], [826, 1631], [834, 1623], [834, 1622], [836, 1620], [836, 1619], [837, 1618], [837, 1617], [838, 1616], [838, 1614], [839, 1613], [839, 1612], [841, 1610], [841, 1609], [842, 1608], [842, 1607], [846, 1603], [847, 1603], [851, 1599], [851, 1598], [852, 1597], [852, 1596], [853, 1595], [853, 1594], [855, 1592], [855, 1591], [857, 1589], [857, 1588], [864, 1581], [864, 1580], [865, 1579], [865, 1578], [866, 1577], [866, 1576], [867, 1575], [867, 1573], [868, 1572], [868, 1561], [867, 1560], [867, 1557], [866, 1556], [866, 1555], [865, 1554], [865, 1553], [857, 1545], [857, 1544], [853, 1540], [853, 1539], [849, 1535], [849, 1534], [847, 1532], [846, 1532], [840, 1526], [840, 1525], [839, 1524], [839, 1523], [838, 1522], [838, 1521], [837, 1520], [837, 1519], [836, 1518], [836, 1517], [835, 1516], [835, 1515], [827, 1507], [827, 1506], [826, 1505], [826, 1504], [825, 1503], [825, 1502], [824, 1501], [824, 1500], [823, 1499], [823, 1498], [822, 1497], [822, 1495], [821, 1494], [821, 1492], [820, 1491], [820, 1489], [819, 1488], [819, 1487], [818, 1486], [818, 1485], [812, 1479], [812, 1478], [810, 1476], [810, 1475], [809, 1474], [809, 1473], [808, 1472], [808, 1471], [807, 1470], [807, 1468], [806, 1467], [806, 1466], [805, 1465], [805, 1463], [804, 1462], [804, 1461], [802, 1459], [802, 1458], [801, 1457], [800, 1457], [795, 1452], [795, 1451], [793, 1449], [793, 1448], [792, 1447], [792, 1445], [791, 1444], [791, 1443], [790, 1442], [790, 1440], [788, 1438], [788, 1437], [786, 1435], [786, 1434], [781, 1429], [781, 1428], [780, 1427], [780, 1426], [779, 1425], [779, 1424], [778, 1423], [778, 1422], [777, 1421], [777, 1418], [776, 1417], [776, 1415], [775, 1414], [775, 1412], [774, 1411], [774, 1410], [773, 1409], [773, 1408], [771, 1406], [771, 1405], [769, 1403], [768, 1403], [767, 1402], [767, 1401], [764, 1398], [764, 1396], [763, 1395], [763, 1393], [762, 1392], [762, 1390], [761, 1389], [761, 1386], [760, 1385], [760, 1384], [755, 1379], [754, 1379], [753, 1378], [752, 1378], [751, 1377], [750, 1377], [744, 1371], [743, 1371], [741, 1369], [740, 1369], [739, 1368], [736, 1368], [735, 1367], [732, 1367], [731, 1366], [727, 1366], [726, 1365], [723, 1365], [722, 1364], [719, 1364], [718, 1363], [716, 1363], [715, 1362], [714, 1362], [713, 1361], [711, 1361], [710, 1360], [709, 1360], [708, 1359], [706, 1359], [705, 1358], [703, 1358], [702, 1357], [699, 1357], [698, 1356], [694, 1356], [693, 1355], [686, 1355], [685, 1354], [678, 1354], [677, 1353], [673, 1353], [672, 1352], [669, 1352], [668, 1351], [665, 1351], [664, 1350], [662, 1350], [661, 1349], [659, 1349], [658, 1348], [656, 1348], [655, 1347], [652, 1347], [651, 1346], [647, 1346], [646, 1345]]","[[817, 1724], [404, 1589], [502, 1290], [915, 1425]]",0.9995153,pixels
11,MHR.7997.jpg,autozooid,453.4134826660156,456.0269775390625,104046.0,1474.930142402649,0.8758891816582344,0.6010247414579739,0.6255812490703054,491.97039794921875,307.7674560546875,-38.32352066040039,356,1991,0.19106355017922383,0.005574165895694742,0.0014042154770934222,0.0001820395209333051,9.093024830292736e-08,1.3407075214727356e-05,-1.4234267479284317e-08,"[[410, 1778], [405, 1783], [404, 1783], [402, 1785], [401, 1785], [400, 1786], [399, 1786], [398, 1787], [396, 1787], [395, 1788], [393, 1788], [392, 1789], [390, 1789], [389, 1790], [388, 1790], [387, 1791], [386, 1791], [385, 1792], [384, 1792], [382, 1794], [381, 1794], [378, 1797], [377, 1797], [375, 1799], [374, 1799], [373, 1800], [372, 1800], [371, 1801], [370, 1801], [369, 1802], [368, 1802], [367, 1803], [364, 1803], [363, 1804], [361, 1804], [360, 1805], [356, 1805], [355, 1806], [353, 1806], [352, 1807], [350, 1807], [349, 1808], [347, 1808], [346, 1809], [345, 1809], [341, 1813], [340, 1813], [337, 1816], [336, 1816], [335, 1817], [334, 1817], [333, 1818], [332, 1818], [331, 1819], [329, 1819], [328, 1820], [322, 1820], [321, 1821], [315, 1821], [314, 1822], [312, 1822], [311, 1823], [310, 1823], [309, 1824], [308, 1824], [298, 1834], [297, 1834], [296, 1835], [293, 1835], [292, 1836], [288, 1836], [287, 1837], [283, 1837], [282, 1838], [280, 1838], [279, 1839], [277, 1839], [276, 1840], [275, 1840], [273, 1842], [272, 1842], [267, 1847], [266, 1847], [264, 1849], [263, 1849], [262, 1850], [261, 1850], [260, 1851], [259, 1851], [258, 1852], [256, 1852], [255, 1853], [254, 1853], [253, 1854], [251, 1854], [250, 1855], [249, 1855], [248, 1856], [247, 1856], [235, 1868], [234, 1868], [233, 1869], [232, 1869], [230, 1871], [229, 1871], [224, 1876], [224, 1877], [217, 1884], [216, 1884], [215, 1885], [214, 1885], [213, 1886], [212, 1886], [210, 1888], [209, 1888], [197, 1900], [196, 1900], [193, 1903], [192, 1903], [187, 1908], [186, 1908], [184, 1910], [184, 1911], [181, 1914], [180, 1914], [177, 1917], [176, 1917], [175, 1918], [174, 1918], [172, 1920], [170, 1920], [169, 1921], [168, 1921], [167, 1922], [166, 1922], [162, 1926], [163, 1927], [163, 1928], [165, 1930], [166, 1930], [168, 1932], [171, 1932], [172, 1933], [175, 1933], [176, 1934], [178, 1934], [179, 1935], [182, 1935], [183, 1936], [186, 1936], [187, 1937], [191, 1937], [192, 1938], [195, 1938], [196, 1939], [199, 1939], [200, 1940], [201, 1940], [206, 1945], [206, 1946], [208, 1948], [208, 1949], [210, 1951], [210, 1952], [212, 1954], [212, 1955], [214, 1957], [214, 1958], [217, 1961], [218, 1961], [225, 1968], [225, 1969], [227, 1971], [227, 1972], [228, 1973], [228, 1975], [229, 1976], [229, 1979], [230, 1980], [230, 1983], [231, 1984], [231, 1987], [232, 1988], [232, 1990], [233, 1991], [233, 1994], [234, 1995], [234, 1998], [235, 1999], [235, 2002], [236, 2003], [236, 2033], [237, 2034], [237, 2044], [236, 2045], [236, 2058], [235, 2059], [235, 2064], [234, 2065], [234, 2069], [233, 2070], [233, 2074], [232, 2075], [232, 2077], [231, 2078], [231, 2082], [230, 2083], [230, 2087], [229, 2088], [229, 2090], [228, 2091], [228, 2092], [227, 2093], [227, 2095], [226, 2096], [226, 2097], [225, 2098], [225, 2100], [224, 2101], [224, 2103], [223, 2104], [223, 2106], [222, 2107], [222, 2108], [221, 2109], [221, 2110], [218, 2113], [218, 2114], [216, 2116], [215, 2116], [214, 2117], [213, 2117], [212, 2118], [211, 2118], [210, 2119], [209, 2119], [208, 2120], [207, 2120], [202, 2125], [202, 2126], [197, 2131], [196, 2131], [193, 2134], [192, 2134], [189, 2137], [188, 2137], [185, 2140], [185, 2141], [183, 2143], [182, 2143], [177, 2148], [177, 2149], [176, 2150], [176, 2151], [175, 2152], [175, 2157], [174, 2158], [174, 2177], [175, 2178], [175, 2210], [176, 2211], [176, 2217], [177, 2218], [177, 2219], [179, 2219], [180, 2220], [182, 2220], [183, 2221], [189, 2221], [190, 2222], [197, 2222], [198, 2223], [206, 2223], [207, 2224], [233, 2224], [234, 2223], [236, 2223], [237, 2222], [239, 2222], [240, 2221], [242, 2221], [243, 2220], [244, 2220], [245, 2219], [246, 2219], [247, 2218], [248, 2218], [250, 2216], [251, 2216], [252, 2215], [253, 2215], [254, 2214], [256, 2214], [257, 2213], [259, 2213], [260, 2212], [262, 2212], [263, 2211], [267, 2211], [268, 2210], [271, 2210], [272, 2209], [276, 2209], [277, 2208], [279, 2208], [280, 2207], [282, 2207], [283, 2206], [284, 2206], [286, 2204], [287, 2204], [290, 2201], [291, 2201], [293, 2199], [294, 2199], [295, 2198], [296, 2198], [297, 2197], [299, 2197], [300, 2196], [302, 2196], [303, 2195], [304, 2195], [305, 2194], [306, 2194], [307, 2193], [308, 2193], [309, 2192], [311, 2192], [312, 2191], [313, 2191], [315, 2189], [316, 2189], [318, 2187], [319, 2187], [322, 2184], [323, 2184], [325, 2182], [326, 2182], [327, 2181], [328, 2181], [329, 2180], [330, 2180], [331, 2179], [332, 2179], [333, 2178], [334, 2178], [335, 2177], [336, 2177], [337, 2176], [338, 2176], [340, 2174], [341, 2174], [348, 2167], [349, 2167], [360, 2156], [360, 2155], [365, 2150], [366, 2150], [372, 2144], [373, 2144], [376, 2141], [377, 2141], [387, 2131], [388, 2131], [390, 2129], [391, 2129], [392, 2128], [393, 2128], [394, 2127], [395, 2127], [400, 2122], [400, 2121], [402, 2119], [402, 2118], [405, 2115], [406, 2115], [409, 2112], [410, 2112], [411, 2111], [412, 2111], [414, 2109], [415, 2109], [418, 2106], [418, 2105], [424, 2099], [425, 2099], [426, 2098], [427, 2098], [428, 2097], [429, 2097], [430, 2096], [431, 2096], [432, 2095], [433, 2095], [434, 2094], [435, 2094], [436, 2093], [437, 2093], [439, 2091], [440, 2091], [442, 2089], [443, 2089], [448, 2084], [449, 2084], [451, 2082], [452, 2082], [453, 2081], [454, 2081], [455, 2080], [456, 2080], [457, 2079], [459, 2079], [461, 2077], [462, 2077], [466, 2073], [466, 2072], [472, 2066], [473, 2066], [474, 2065], [475, 2065], [476, 2064], [477, 2064], [478, 2063], [479, 2063], [481, 2061], [482, 2061], [485, 2058], [486, 2058], [493, 2051], [494, 2051], [496, 2049], [497, 2049], [498, 2048], [499, 2048], [501, 2046], [502, 2046], [504, 2044], [505, 2044], [507, 2042], [508, 2042], [510, 2040], [510, 2039], [516, 2033], [517, 2033], [520, 2030], [521, 2030], [523, 2028], [524, 2028], [529, 2023], [529, 2022], [537, 2014], [538, 2014], [540, 2012], [541, 2012], [542, 2011], [543, 2011], [546, 2008], [547, 2008], [547, 2007], [548, 2006], [548, 2005], [549, 2004], [549, 2003], [551, 2001], [551, 2000], [553, 1998], [553, 1997], [556, 1994], [556, 1993], [557, 1992], [557, 1986], [558, 1985], [558, 1939], [557, 1938], [557, 1931], [556, 1930], [556, 1919], [555, 1918], [555, 1908], [554, 1907], [554, 1906], [553, 1905], [553, 1904], [552, 1903], [552, 1902], [551, 1901], [551, 1900], [550, 1899], [550, 1898], [548, 1896], [548, 1895], [542, 1889], [541, 1889], [535, 1883], [535, 1882], [533, 1880], [533, 1879], [531, 1877], [531, 1876], [530, 1875], [530, 1874], [528, 1872], [528, 1871], [523, 1866], [522, 1866], [521, 1865], [518, 1865], [517, 1864], [514, 1864], [513, 1863], [510, 1863], [509, 1862], [507, 1862], [506, 1861], [506, 1860], [505, 1859], [505, 1857], [504, 1856], [504, 1855], [503, 1854], [503, 1853], [501, 1851], [501, 1850], [495, 1844], [493, 1844], [492, 1843], [490, 1843], [489, 1842], [486, 1842], [485, 1841], [481, 1841], [480, 1840], [477, 1840], [476, 1839], [474, 1839], [472, 1837], [471, 1837], [469, 1835], [468, 1835], [466, 1833], [465, 1833], [464, 1832], [463, 1832], [461, 1830], [460, 1830], [450, 1820], [449, 1820], [444, 1815], [443, 1815], [440, 1812], [440, 1811], [439, 1810], [439, 1809], [438, 1808], [438, 1807], [437, 1806], [437, 1805], [436, 1804], [436, 1803], [435, 1802], [435, 1801], [434, 1800], [434, 1799], [433, 1798], [433, 1797], [432, 1796], [432, 1794], [431, 1793], [431, 1790], [430, 1789], [430, 1786], [429, 1785], [429, 1783], [428, 1782], [428, 1780], [426, 1778]]","[[218, 2271], [27, 2029], [413, 1724], [604, 1966]]",0.99928963,pixels
12,MHR.7997.jpg,autozooid,374.4169616699219,348.7054443359375,95606.0,1224.146312713623,0.9781015177014011,0.8017304063003086,0.9750255841442245,357.0145263671875,348.0982971191406,-87.2072982788086,278,1677,0.1692209725330734,0.0019092350416558637,0.000331908310040044,3.038191338027475e-06,-1.5587964228320117e-11,-6.532351120865871e-08,9.521117511140706e-11,"[[229, 1511], [228, 1512], [224, 1512], [223, 1513], [220, 1513], [219, 1514], [218, 1514], [217, 1515], [216, 1515], [215, 1516], [214, 1516], [213, 1517], [212, 1517], [211, 1518], [210, 1518], [209, 1519], [207, 1519], [206, 1520], [204, 1520], [203, 1521], [201, 1521], [200, 1522], [199, 1522], [198, 1523], [197, 1523], [196, 1524], [195, 1524], [194, 1525], [193, 1525], [192, 1526], [191, 1526], [184, 1533], [183, 1533], [173, 1543], [173, 1544], [171, 1546], [171, 1547], [169, 1549], [169, 1550], [164, 1555], [163, 1555], [158, 1560], [158, 1561], [148, 1571], [148, 1572], [145, 1575], [145, 1576], [138, 1583], [137, 1583], [132, 1588], [132, 1589], [131, 1590], [131, 1591], [129, 1593], [129, 1594], [128, 1595], [128, 1596], [126, 1598], [126, 1599], [125, 1600], [125, 1613], [124, 1614], [124, 1619], [123, 1620], [123, 1629], [124, 1630], [124, 1635], [125, 1636], [125, 1641], [124, 1642], [124, 1655], [125, 1656], [125, 1660], [126, 1661], [126, 1670], [125, 1671], [125, 1677], [124, 1678], [124, 1682], [123, 1683], [123, 1688], [122, 1689], [122, 1695], [121, 1696], [121, 1705], [120, 1706], [120, 1720], [119, 1721], [119, 1731], [118, 1732], [118, 1742], [117, 1743], [117, 1772], [116, 1773], [116, 1776], [117, 1777], [117, 1786], [118, 1787], [118, 1789], [117, 1790], [117, 1805], [118, 1806], [118, 1828], [119, 1829], [119, 1834], [120, 1835], [120, 1840], [121, 1841], [121, 1845], [122, 1846], [122, 1848], [123, 1849], [123, 1850], [124, 1851], [125, 1851], [126, 1852], [128, 1852], [129, 1853], [137, 1853], [138, 1854], [175, 1854], [176, 1855], [235, 1855], [236, 1854], [239, 1854], [240, 1853], [243, 1853], [244, 1852], [245, 1852], [246, 1851], [247, 1851], [249, 1849], [250, 1849], [253, 1846], [254, 1846], [255, 1845], [256, 1845], [257, 1844], [258, 1844], [259, 1843], [261, 1843], [262, 1842], [264, 1842], [265, 1841], [267, 1841], [268, 1840], [269, 1840], [270, 1839], [271, 1839], [272, 1838], [273, 1838], [275, 1836], [276, 1836], [278, 1834], [279, 1834], [280, 1833], [282, 1833], [283, 1832], [285, 1832], [286, 1831], [288, 1831], [289, 1830], [292, 1830], [293, 1829], [295, 1829], [296, 1828], [298, 1828], [299, 1827], [301, 1827], [303, 1825], [304, 1825], [306, 1823], [307, 1823], [308, 1822], [309, 1822], [310, 1821], [311, 1821], [312, 1820], [314, 1820], [315, 1819], [318, 1819], [319, 1818], [323, 1818], [324, 1817], [327, 1817], [328, 1816], [329, 1816], [330, 1815], [331, 1815], [332, 1814], [333, 1814], [336, 1811], [337, 1811], [339, 1809], [340, 1809], [341, 1808], [344, 1808], [345, 1807], [348, 1807], [349, 1806], [352, 1806], [353, 1805], [356, 1805], [357, 1804], [358, 1804], [359, 1803], [360, 1803], [361, 1802], [362, 1802], [363, 1801], [364, 1801], [366, 1799], [367, 1799], [370, 1796], [371, 1796], [373, 1794], [374, 1794], [375, 1793], [376, 1793], [378, 1791], [379, 1791], [380, 1790], [381, 1790], [387, 1784], [388, 1784], [391, 1781], [392, 1781], [394, 1779], [395, 1779], [396, 1778], [397, 1778], [410, 1765], [410, 1764], [411, 1763], [411, 1762], [412, 1761], [412, 1760], [413, 1759], [413, 1757], [414, 1756], [414, 1754], [415, 1753], [415, 1752], [416, 1751], [416, 1749], [418, 1747], [418, 1746], [420, 1744], [420, 1743], [421, 1742], [421, 1741], [422, 1740], [422, 1739], [423, 1738], [423, 1737], [424, 1736], [424, 1734], [425, 1733], [425, 1732], [426, 1731], [426, 1730], [427, 1729], [427, 1727], [428, 1726], [428, 1725], [429, 1724], [429, 1723], [430, 1722], [430, 1721], [431, 1720], [431, 1719], [433, 1717], [433, 1716], [435, 1714], [435, 1713], [436, 1712], [436, 1711], [437, 1710], [437, 1708], [438, 1707], [438, 1706], [439, 1705], [439, 1704], [440, 1703], [440, 1701], [441, 1700], [441, 1699], [442, 1698], [442, 1697], [444, 1695], [444, 1694], [449, 1689], [449, 1688], [451, 1686], [451, 1685], [453, 1683], [453, 1682], [456, 1679], [456, 1678], [459, 1675], [459, 1674], [463, 1670], [463, 1669], [464, 1668], [464, 1667], [465, 1666], [465, 1665], [466, 1664], [466, 1663], [467, 1662], [467, 1660], [468, 1659], [468, 1658], [469, 1657], [469, 1655], [470, 1654], [470, 1653], [471, 1652], [471, 1651], [474, 1648], [474, 1647], [476, 1645], [476, 1644], [477, 1643], [477, 1642], [478, 1641], [478, 1639], [479, 1638], [479, 1630], [480, 1629], [480, 1611], [479, 1610], [479, 1603], [478, 1602], [478, 1600], [477, 1599], [477, 1598], [469, 1590], [469, 1589], [467, 1587], [467, 1586], [463, 1582], [462, 1582], [460, 1580], [459, 1580], [455, 1576], [455, 1575], [453, 1573], [453, 1572], [448, 1567], [447, 1567], [443, 1563], [443, 1562], [442, 1561], [442, 1560], [440, 1558], [440, 1557], [438, 1555], [438, 1554], [435, 1551], [435, 1550], [429, 1544], [429, 1543], [427, 1541], [427, 1540], [426, 1539], [426, 1538], [425, 1537], [425, 1536], [420, 1531], [405, 1531], [404, 1532], [371, 1532], [370, 1531], [341, 1531], [340, 1530], [330, 1530], [329, 1529], [323, 1529], [322, 1528], [318, 1528], [317, 1527], [314, 1527], [313, 1526], [309, 1526], [308, 1525], [303, 1525], [302, 1524], [299, 1524], [298, 1523], [295, 1523], [294, 1522], [291, 1522], [290, 1521], [286, 1521], [285, 1520], [282, 1520], [281, 1519], [278, 1519], [277, 1518], [274, 1518], [273, 1517], [270, 1517], [269, 1516], [266, 1516], [265, 1515], [263, 1515], [262, 1514], [260, 1514], [259, 1513], [256, 1513], [255, 1512], [252, 1512], [251, 1511]]","[[468, 1870], [111, 1852], [128, 1505], [485, 1522]]",0.9992822,pixels
13,MHR.7997.jpg,autozooid,318.1064147949219,383.45806884765625,75869.5,1196.5899612903595,0.9036924542909892,0.6658652887404137,0.8207287204255339,352.2057800292969,289.0653991699219,-3.3177812099456787,241,1025,0.17353666648763155,0.002374810122440611,0.0001680986484906349,1.0180397020741196e-05,4.107364739689846e-10,4.380742399601512e-07,9.304110041774868e-11,"[[260, 851], [259, 852], [251, 852], [250, 853], [245, 853], [244, 854], [240, 854], [239, 855], [236, 855], [235, 856], [232, 856], [231, 857], [229, 857], [228, 858], [226, 858], [225, 859], [222, 859], [221, 860], [213, 860], [212, 861], [204, 861], [203, 862], [196, 862], [195, 863], [189, 863], [188, 864], [185, 864], [184, 865], [181, 865], [180, 866], [178, 866], [177, 867], [176, 867], [175, 868], [174, 868], [169, 873], [168, 873], [167, 874], [166, 874], [165, 875], [164, 875], [163, 876], [161, 876], [160, 877], [157, 877], [156, 878], [154, 878], [153, 879], [152, 879], [151, 880], [150, 880], [142, 888], [141, 888], [140, 889], [139, 889], [137, 891], [136, 891], [135, 892], [134, 892], [132, 894], [131, 894], [129, 896], [129, 897], [128, 898], [128, 899], [127, 900], [127, 901], [126, 902], [126, 903], [125, 904], [125, 906], [124, 907], [124, 908], [123, 909], [123, 911], [122, 912], [122, 914], [121, 915], [121, 917], [120, 918], [120, 919], [119, 920], [119, 921], [118, 922], [118, 924], [117, 925], [118, 926], [118, 933], [119, 934], [119, 942], [120, 943], [120, 952], [121, 953], [121, 958], [122, 959], [122, 970], [123, 971], [123, 1012], [124, 1013], [124, 1017], [125, 1018], [125, 1033], [126, 1034], [125, 1035], [125, 1039], [124, 1040], [124, 1045], [123, 1046], [123, 1050], [122, 1051], [122, 1055], [121, 1056], [121, 1060], [120, 1061], [120, 1062], [121, 1063], [121, 1065], [122, 1066], [122, 1067], [123, 1068], [123, 1071], [124, 1072], [124, 1075], [125, 1076], [125, 1119], [126, 1120], [126, 1128], [127, 1129], [127, 1153], [128, 1154], [128, 1168], [129, 1169], [129, 1192], [128, 1193], [128, 1200], [129, 1201], [129, 1202], [130, 1203], [130, 1204], [131, 1205], [131, 1206], [132, 1205], [133, 1205], [134, 1204], [135, 1204], [136, 1203], [138, 1203], [139, 1202], [140, 1202], [141, 1201], [142, 1201], [143, 1202], [144, 1202], [146, 1204], [147, 1204], [153, 1210], [157, 1206], [158, 1206], [159, 1205], [160, 1205], [161, 1204], [163, 1204], [164, 1203], [166, 1203], [167, 1202], [169, 1202], [170, 1201], [172, 1201], [173, 1200], [176, 1200], [177, 1199], [180, 1199], [181, 1198], [182, 1198], [183, 1197], [185, 1197], [186, 1196], [187, 1196], [188, 1195], [189, 1195], [190, 1194], [191, 1194], [192, 1193], [193, 1193], [194, 1192], [196, 1192], [197, 1191], [201, 1191], [202, 1190], [207, 1190], [208, 1189], [211, 1189], [212, 1188], [216, 1188], [217, 1187], [220, 1187], [221, 1186], [226, 1186], [227, 1185], [232, 1185], [233, 1184], [234, 1185], [245, 1185], [246, 1186], [250, 1186], [251, 1187], [259, 1187], [260, 1188], [269, 1188], [270, 1189], [275, 1189], [276, 1190], [287, 1190], [288, 1191], [313, 1191], [314, 1192], [319, 1192], [320, 1193], [329, 1193], [330, 1194], [336, 1194], [337, 1193], [339, 1193], [340, 1192], [341, 1192], [342, 1191], [343, 1191], [344, 1190], [345, 1190], [346, 1189], [346, 1188], [347, 1187], [347, 1183], [346, 1182], [346, 1179], [344, 1177], [344, 1176], [343, 1175], [343, 1173], [342, 1172], [342, 1171], [339, 1168], [339, 1167], [338, 1166], [338, 1165], [337, 1164], [337, 1163], [336, 1162], [336, 1160], [335, 1159], [335, 1156], [330, 1151], [329, 1151], [328, 1150], [327, 1150], [326, 1149], [325, 1149], [322, 1146], [322, 1145], [321, 1144], [321, 1103], [322, 1102], [322, 1100], [323, 1099], [323, 1098], [325, 1096], [325, 1095], [326, 1094], [326, 1093], [327, 1092], [327, 1091], [328, 1090], [328, 1089], [330, 1087], [331, 1087], [335, 1083], [337, 1083], [338, 1082], [339, 1082], [341, 1080], [342, 1080], [344, 1078], [345, 1078], [348, 1075], [349, 1075], [350, 1074], [351, 1074], [352, 1073], [354, 1073], [355, 1072], [356, 1072], [358, 1070], [359, 1070], [360, 1069], [362, 1069], [363, 1068], [364, 1068], [365, 1067], [367, 1067], [368, 1066], [369, 1066], [375, 1060], [376, 1060], [378, 1058], [379, 1058], [381, 1056], [382, 1056], [388, 1050], [388, 1049], [397, 1040], [397, 1039], [400, 1036], [400, 1035], [402, 1033], [402, 1032], [403, 1031], [403, 1030], [404, 1029], [404, 1028], [405, 1027], [405, 1026], [406, 1025], [406, 1024], [407, 1023], [407, 1018], [406, 1017], [406, 1016], [405, 1015], [405, 1014], [404, 1013], [404, 1012], [402, 1010], [402, 1009], [401, 1008], [401, 1007], [400, 1006], [400, 1005], [398, 1003], [398, 1002], [396, 1000], [396, 999], [394, 997], [394, 996], [392, 994], [392, 993], [389, 990], [389, 989], [388, 988], [388, 987], [387, 986], [387, 985], [386, 984], [386, 983], [385, 982], [385, 980], [384, 979], [384, 978], [383, 977], [383, 976], [382, 975], [382, 974], [378, 970], [378, 969], [376, 967], [376, 965], [375, 964], [375, 962], [374, 961], [374, 959], [373, 958], [373, 956], [372, 955], [372, 953], [370, 951], [370, 950], [367, 947], [367, 946], [365, 944], [365, 943], [364, 942], [364, 941], [363, 940], [363, 938], [362, 937], [362, 936], [360, 934], [360, 933], [357, 930], [356, 930], [354, 928], [354, 927], [352, 925], [352, 924], [350, 922], [350, 921], [347, 918], [347, 917], [342, 912], [342, 911], [341, 910], [341, 909], [339, 907], [339, 906], [333, 900], [333, 899], [331, 897], [331, 895], [330, 894], [330, 893], [329, 892], [329, 891], [328, 890], [328, 889], [327, 888], [327, 887], [326, 886], [326, 885], [325, 884], [325, 883], [322, 880], [322, 879], [320, 877], [320, 876], [319, 875], [319, 874], [318, 873], [318, 872], [317, 871], [317, 870], [312, 865], [311, 865], [309, 863], [308, 863], [307, 862], [306, 862], [303, 859], [302, 859], [298, 855], [297, 855], [296, 854], [295, 854], [294, 853], [293, 853], [292, 852], [290, 852], [289, 851]]","[[128, 1211], [108, 859], [396, 843], [417, 1194]]",0.99926656,pixels
14,MHR.7997.jpg,autozooid,314.7301025390625,374.516357421875,72665.0,1118.2884464263916,0.9706656336410147,0.7301758516434287,0.6637645866787598,394.078125,261.5751037597656,-9.54038143157959,1738,1789,0.1849455036515758,0.007609135179894449,0.00015731299599633475,6.034122727628585e-06,7.189186671159547e-11,1.9167876585299002e-08,-1.7144739242277843e-10,"[[1640, 1615], [1639, 1616], [1637, 1616], [1636, 1617], [1634, 1617], [1633, 1618], [1632, 1618], [1631, 1619], [1630, 1619], [1629, 1620], [1627, 1620], [1626, 1621], [1625, 1621], [1624, 1622], [1623, 1622], [1622, 1623], [1621, 1623], [1620, 1624], [1618, 1624], [1617, 1625], [1616, 1625], [1615, 1626], [1614, 1626], [1613, 1627], [1612, 1627], [1611, 1628], [1610, 1628], [1609, 1629], [1608, 1629], [1606, 1631], [1606, 1632], [1601, 1637], [1601, 1638], [1598, 1641], [1596, 1641], [1595, 1642], [1587, 1642], [1587, 1643], [1586, 1644], [1586, 1649], [1585, 1650], [1585, 1654], [1584, 1655], [1584, 1662], [1583, 1663], [1583, 1672], [1584, 1673], [1584, 1677], [1585, 1678], [1585, 1682], [1586, 1683], [1586, 1685], [1587, 1686], [1587, 1687], [1588, 1687], [1590, 1689], [1590, 1690], [1592, 1692], [1592, 1693], [1593, 1694], [1593, 1695], [1594, 1696], [1594, 1698], [1595, 1699], [1595, 1702], [1596, 1703], [1596, 1706], [1597, 1707], [1597, 1711], [1598, 1712], [1598, 1715], [1599, 1716], [1599, 1729], [1600, 1730], [1600, 1740], [1599, 1741], [1599, 1753], [1600, 1754], [1600, 1766], [1601, 1767], [1601, 1776], [1602, 1777], [1602, 1784], [1603, 1785], [1603, 1791], [1604, 1792], [1604, 1796], [1605, 1797], [1605, 1801], [1606, 1802], [1606, 1804], [1607, 1805], [1607, 1806], [1608, 1807], [1608, 1808], [1609, 1809], [1609, 1810], [1610, 1811], [1610, 1812], [1611, 1813], [1611, 1814], [1612, 1815], [1612, 1817], [1613, 1818], [1613, 1820], [1614, 1821], [1614, 1824], [1615, 1825], [1615, 1827], [1616, 1828], [1616, 1831], [1617, 1832], [1617, 1833], [1619, 1835], [1619, 1836], [1624, 1841], [1624, 1842], [1625, 1843], [1625, 1844], [1626, 1845], [1626, 1847], [1628, 1849], [1628, 1850], [1629, 1851], [1629, 1852], [1631, 1854], [1631, 1855], [1636, 1860], [1636, 1861], [1638, 1863], [1639, 1863], [1650, 1874], [1651, 1874], [1652, 1875], [1653, 1875], [1654, 1876], [1655, 1876], [1656, 1877], [1657, 1877], [1658, 1878], [1659, 1878], [1662, 1881], [1663, 1881], [1667, 1885], [1668, 1885], [1669, 1886], [1670, 1886], [1671, 1887], [1672, 1887], [1673, 1888], [1675, 1888], [1676, 1889], [1678, 1889], [1679, 1890], [1680, 1890], [1681, 1891], [1683, 1891], [1684, 1892], [1685, 1892], [1687, 1894], [1688, 1894], [1694, 1900], [1695, 1900], [1696, 1901], [1697, 1901], [1698, 1902], [1699, 1902], [1701, 1904], [1702, 1904], [1706, 1908], [1706, 1909], [1711, 1914], [1712, 1914], [1714, 1916], [1715, 1916], [1718, 1919], [1719, 1919], [1738, 1938], [1738, 1939], [1739, 1940], [1740, 1940], [1743, 1943], [1744, 1943], [1745, 1944], [1746, 1944], [1747, 1945], [1748, 1945], [1749, 1946], [1750, 1946], [1751, 1947], [1752, 1947], [1755, 1950], [1756, 1950], [1759, 1953], [1760, 1953], [1761, 1954], [1762, 1954], [1763, 1955], [1764, 1955], [1765, 1956], [1767, 1956], [1768, 1957], [1770, 1957], [1771, 1958], [1772, 1958], [1773, 1959], [1774, 1959], [1775, 1960], [1776, 1960], [1777, 1961], [1778, 1961], [1782, 1965], [1783, 1965], [1784, 1966], [1785, 1966], [1786, 1967], [1787, 1967], [1788, 1968], [1789, 1968], [1790, 1969], [1792, 1969], [1793, 1970], [1795, 1970], [1796, 1971], [1798, 1971], [1799, 1972], [1800, 1972], [1801, 1973], [1802, 1973], [1806, 1977], [1807, 1977], [1810, 1980], [1812, 1980], [1813, 1981], [1818, 1981], [1819, 1982], [1834, 1982], [1835, 1981], [1836, 1981], [1837, 1980], [1838, 1980], [1839, 1979], [1840, 1979], [1842, 1977], [1843, 1977], [1848, 1972], [1848, 1971], [1851, 1968], [1851, 1967], [1852, 1966], [1852, 1965], [1854, 1963], [1854, 1962], [1860, 1956], [1860, 1955], [1861, 1954], [1861, 1953], [1862, 1952], [1862, 1950], [1863, 1949], [1863, 1948], [1864, 1947], [1864, 1946], [1869, 1941], [1869, 1940], [1871, 1938], [1871, 1937], [1872, 1936], [1872, 1934], [1873, 1933], [1873, 1931], [1874, 1930], [1874, 1928], [1875, 1927], [1875, 1925], [1876, 1924], [1876, 1922], [1877, 1921], [1877, 1917], [1878, 1916], [1878, 1914], [1879, 1913], [1879, 1906], [1878, 1905], [1878, 1901], [1877, 1900], [1877, 1896], [1876, 1895], [1876, 1892], [1875, 1891], [1875, 1887], [1874, 1886], [1874, 1880], [1873, 1879], [1873, 1871], [1872, 1870], [1872, 1866], [1871, 1865], [1871, 1861], [1870, 1860], [1870, 1857], [1869, 1856], [1869, 1851], [1868, 1850], [1868, 1846], [1867, 1845], [1867, 1841], [1866, 1840], [1866, 1835], [1865, 1834], [1865, 1827], [1864, 1826], [1864, 1812], [1863, 1811], [1863, 1779], [1862, 1778], [1862, 1761], [1861, 1760], [1861, 1751], [1860, 1750], [1860, 1742], [1859, 1741], [1859, 1736], [1858, 1735], [1858, 1733], [1857, 1732], [1857, 1730], [1856, 1729], [1856, 1728], [1855, 1727], [1855, 1725], [1854, 1724], [1854, 1721], [1853, 1720], [1853, 1717], [1852, 1716], [1852, 1712], [1851, 1711], [1851, 1708], [1850, 1707], [1850, 1706], [1849, 1705], [1849, 1703], [1848, 1702], [1848, 1701], [1846, 1699], [1846, 1698], [1844, 1696], [1844, 1695], [1840, 1691], [1839, 1691], [1837, 1689], [1836, 1689], [1834, 1687], [1833, 1687], [1832, 1686], [1831, 1686], [1830, 1685], [1829, 1685], [1827, 1683], [1826, 1683], [1823, 1680], [1822, 1680], [1821, 1679], [1820, 1679], [1818, 1677], [1816, 1677], [1815, 1676], [1814, 1676], [1813, 1675], [1811, 1675], [1810, 1674], [1809, 1674], [1808, 1673], [1806, 1673], [1805, 1672], [1804, 1672], [1803, 1671], [1802, 1671], [1800, 1669], [1799, 1669], [1796, 1666], [1795, 1666], [1794, 1665], [1793, 1665], [1792, 1664], [1790, 1664], [1789, 1663], [1787, 1663], [1786, 1662], [1783, 1662], [1782, 1661], [1780, 1661], [1779, 1660], [1776, 1660], [1775, 1659], [1773, 1659], [1772, 1658], [1770, 1658], [1769, 1657], [1767, 1657], [1766, 1656], [1764, 1656], [1763, 1655], [1762, 1655], [1761, 1654], [1759, 1654], [1758, 1653], [1756, 1653], [1755, 1652], [1753, 1652], [1752, 1651], [1750, 1651], [1749, 1650], [1746, 1650], [1745, 1649], [1741, 1649], [1740, 1648], [1734, 1648], [1733, 1647], [1729, 1647], [1728, 1646], [1725, 1646], [1724, 1645], [1720, 1645], [1719, 1644], [1716, 1644], [1715, 1643], [1713, 1643], [1712, 1642], [1710, 1642], [1709, 1641], [1708, 1641], [1707, 1640], [1706, 1640], [1705, 1639], [1703, 1639], [1702, 1638], [1700, 1638], [1699, 1637], [1696, 1637], [1695, 1636], [1693, 1636], [1692, 1635], [1689, 1635], [1688, 1634], [1686, 1634], [1685, 1633], [1683, 1633], [1682, 1632], [1681, 1632], [1679, 1630], [1678, 1630], [1674, 1626], [1673, 1626], [1671, 1624], [1670, 1624], [1669, 1623], [1668, 1623], [1667, 1622], [1666, 1622], [1665, 1621], [1663, 1621], [1662, 1620], [1661, 1620], [1659, 1618], [1658, 1618], [1657, 1617], [1656, 1617], [1654, 1615]]","[[1640, 2014], [1575, 1625], [1833, 1582], [1898, 1971]]",0.99922276,pixels
15,MHR.7997.jpg,autozooid,402.73199462890625,404.0440673828125,97415.5,1301.124012708664,0.9378598247809762,0.7231036337622447,0.9970709321685164,358.49249267578125,357.44244384765625,-29.659109115600586,920,1350,0.16872140159758792,0.0002984138854391797,0.00047153189433776397,3.135664749365881e-06,3.239023455073001e-11,-3.7320559611138185e-08,1.1614092611454098e-10,"[[952, 1176], [951, 1177], [941, 1177], [940, 1178], [936, 1178], [935, 1179], [931, 1179], [930, 1180], [926, 1180], [925, 1181], [923, 1181], [922, 1182], [920, 1182], [919, 1183], [916, 1183], [915, 1184], [912, 1184], [911, 1185], [908, 1185], [907, 1186], [904, 1186], [903, 1187], [901, 1187], [900, 1188], [898, 1188], [897, 1189], [895, 1189], [894, 1190], [893, 1190], [891, 1192], [890, 1192], [889, 1193], [888, 1193], [886, 1195], [885, 1195], [884, 1196], [883, 1196], [881, 1198], [880, 1198], [878, 1200], [877, 1200], [875, 1202], [874, 1202], [868, 1208], [868, 1209], [865, 1212], [865, 1213], [864, 1214], [864, 1215], [862, 1217], [862, 1218], [861, 1219], [861, 1220], [858, 1223], [858, 1224], [855, 1227], [854, 1227], [853, 1228], [852, 1228], [851, 1229], [850, 1229], [849, 1230], [847, 1230], [846, 1231], [845, 1231], [844, 1232], [843, 1232], [842, 1233], [837, 1233], [836, 1232], [832, 1232], [831, 1231], [826, 1231], [825, 1230], [824, 1230], [823, 1229], [820, 1229], [819, 1228], [817, 1228], [816, 1227], [813, 1227], [812, 1226], [803, 1226], [802, 1227], [793, 1227], [792, 1228], [789, 1228], [788, 1229], [784, 1229], [783, 1230], [780, 1230], [779, 1231], [776, 1231], [775, 1232], [772, 1232], [771, 1233], [768, 1233], [766, 1235], [766, 1236], [756, 1246], [755, 1246], [750, 1251], [750, 1252], [742, 1260], [741, 1260], [737, 1264], [737, 1267], [736, 1268], [736, 1271], [735, 1272], [735, 1277], [734, 1278], [734, 1319], [735, 1320], [735, 1340], [736, 1341], [736, 1345], [737, 1346], [737, 1349], [738, 1350], [738, 1351], [739, 1352], [739, 1353], [742, 1356], [742, 1357], [744, 1359], [744, 1360], [745, 1361], [745, 1362], [746, 1363], [746, 1364], [747, 1365], [747, 1366], [748, 1367], [748, 1368], [749, 1369], [749, 1370], [751, 1372], [751, 1373], [757, 1379], [757, 1380], [758, 1381], [758, 1382], [760, 1384], [760, 1385], [761, 1386], [761, 1388], [762, 1389], [762, 1390], [763, 1391], [763, 1393], [764, 1394], [764, 1395], [766, 1397], [766, 1398], [770, 1402], [770, 1403], [772, 1405], [772, 1406], [773, 1407], [773, 1408], [774, 1409], [774, 1411], [775, 1412], [775, 1413], [776, 1414], [776, 1416], [777, 1417], [777, 1418], [778, 1419], [778, 1421], [779, 1422], [779, 1423], [785, 1429], [785, 1430], [787, 1432], [787, 1433], [789, 1435], [789, 1437], [790, 1438], [790, 1439], [791, 1440], [791, 1442], [792, 1443], [792, 1444], [793, 1445], [793, 1446], [795, 1448], [795, 1449], [799, 1453], [799, 1454], [801, 1456], [801, 1457], [802, 1458], [802, 1459], [803, 1460], [803, 1461], [804, 1462], [804, 1463], [805, 1464], [805, 1466], [806, 1467], [806, 1468], [807, 1469], [807, 1470], [809, 1472], [809, 1473], [814, 1478], [814, 1479], [816, 1481], [816, 1483], [817, 1484], [817, 1485], [818, 1486], [818, 1488], [819, 1489], [819, 1492], [820, 1493], [820, 1495], [821, 1496], [821, 1497], [823, 1499], [823, 1500], [826, 1503], [827, 1503], [828, 1504], [828, 1505], [831, 1508], [831, 1509], [832, 1510], [832, 1511], [834, 1513], [834, 1514], [837, 1517], [837, 1518], [838, 1519], [839, 1519], [843, 1523], [843, 1524], [846, 1527], [846, 1528], [858, 1540], [858, 1541], [860, 1543], [860, 1544], [861, 1545], [861, 1546], [862, 1547], [862, 1548], [863, 1549], [863, 1550], [864, 1551], [864, 1552], [865, 1553], [865, 1554], [869, 1558], [870, 1558], [871, 1559], [872, 1559], [874, 1561], [875, 1561], [883, 1569], [887, 1569], [888, 1568], [897, 1568], [898, 1567], [899, 1567], [901, 1565], [902, 1565], [903, 1564], [904, 1564], [905, 1563], [907, 1563], [908, 1562], [909, 1562], [910, 1561], [913, 1561], [914, 1560], [915, 1560], [916, 1559], [918, 1559], [919, 1558], [921, 1558], [922, 1557], [923, 1557], [924, 1556], [925, 1556], [926, 1555], [927, 1555], [936, 1546], [937, 1546], [938, 1545], [939, 1545], [941, 1543], [942, 1543], [944, 1541], [945, 1541], [947, 1539], [947, 1538], [953, 1532], [954, 1532], [955, 1531], [956, 1531], [958, 1529], [959, 1529], [965, 1523], [965, 1522], [969, 1518], [970, 1518], [971, 1517], [972, 1517], [974, 1515], [975, 1515], [977, 1513], [978, 1513], [980, 1511], [981, 1511], [987, 1505], [987, 1504], [989, 1502], [989, 1501], [991, 1499], [991, 1498], [993, 1496], [993, 1495], [994, 1494], [994, 1493], [995, 1492], [995, 1491], [997, 1489], [997, 1488], [999, 1486], [999, 1485], [1000, 1484], [1000, 1483], [1001, 1482], [1001, 1481], [1002, 1480], [1002, 1473], [1003, 1472], [1003, 1462], [1004, 1461], [1004, 1451], [1005, 1450], [1005, 1449], [1006, 1448], [1006, 1446], [1007, 1445], [1007, 1444], [1008, 1443], [1008, 1442], [1009, 1441], [1009, 1439], [1010, 1438], [1010, 1437], [1013, 1434], [1013, 1433], [1018, 1428], [1018, 1427], [1021, 1424], [1021, 1423], [1026, 1418], [1027, 1418], [1028, 1417], [1029, 1417], [1030, 1416], [1031, 1416], [1032, 1415], [1033, 1415], [1034, 1414], [1035, 1414], [1036, 1413], [1037, 1413], [1038, 1412], [1039, 1412], [1040, 1411], [1041, 1411], [1042, 1410], [1045, 1410], [1046, 1409], [1049, 1409], [1050, 1408], [1052, 1408], [1053, 1407], [1054, 1407], [1055, 1406], [1057, 1406], [1058, 1405], [1060, 1405], [1061, 1404], [1064, 1404], [1065, 1403], [1068, 1403], [1069, 1402], [1077, 1402], [1078, 1401], [1096, 1401], [1097, 1400], [1105, 1400], [1106, 1399], [1111, 1399], [1112, 1398], [1114, 1398], [1116, 1396], [1117, 1396], [1119, 1394], [1119, 1371], [1118, 1370], [1118, 1364], [1117, 1363], [1117, 1361], [1116, 1360], [1116, 1359], [1115, 1358], [1115, 1356], [1113, 1354], [1113, 1353], [1112, 1352], [1112, 1351], [1111, 1350], [1111, 1349], [1110, 1348], [1110, 1347], [1109, 1346], [1109, 1344], [1108, 1343], [1108, 1340], [1107, 1339], [1107, 1336], [1106, 1335], [1106, 1332], [1105, 1331], [1105, 1328], [1104, 1327], [1104, 1323], [1103, 1322], [1103, 1320], [1102, 1319], [1102, 1317], [1101, 1316], [1101, 1315], [1100, 1314], [1100, 1313], [1099, 1312], [1099, 1311], [1098, 1310], [1098, 1309], [1097, 1308], [1097, 1307], [1096, 1306], [1096, 1305], [1095, 1304], [1095, 1303], [1094, 1302], [1094, 1300], [1093, 1299], [1093, 1296], [1092, 1295], [1092, 1292], [1091, 1291], [1091, 1287], [1090, 1286], [1090, 1283], [1089, 1282], [1089, 1279], [1088, 1278], [1088, 1269], [1087, 1268], [1087, 1259], [1086, 1258], [1086, 1251], [1085, 1250], [1085, 1244], [1084, 1243], [1084, 1239], [1083, 1238], [1083, 1235], [1082, 1234], [1082, 1233], [1073, 1224], [1072, 1224], [1070, 1222], [1069, 1222], [1067, 1220], [1067, 1219], [1064, 1216], [1063, 1216], [1061, 1214], [1060, 1214], [1058, 1212], [1057, 1212], [1056, 1211], [1055, 1211], [1054, 1210], [1053, 1210], [1049, 1206], [1048, 1206], [1046, 1204], [1045, 1204], [1044, 1203], [1043, 1203], [1042, 1202], [1041, 1202], [1040, 1201], [1039, 1201], [1038, 1200], [1036, 1200], [1035, 1199], [1034, 1199], [1033, 1198], [1031, 1198], [1030, 1197], [1028, 1197], [1027, 1196], [1026, 1196], [1025, 1195], [1024, 1195], [1022, 1193], [1021, 1193], [1019, 1191], [1018, 1191], [1016, 1189], [1015, 1189], [1014, 1188], [1012, 1188], [1011, 1187], [1008, 1187], [1007, 1186], [1004, 1186], [1003, 1185], [999, 1185], [998, 1184], [993, 1184], [992, 1183], [988, 1183], [987, 1182], [983, 1182], [982, 1181], [979, 1181], [978, 1180], [975, 1180], [974, 1179], [972, 1179], [971, 1178], [969, 1178], [968, 1177], [959, 1177], [958, 1176]]","[[871, 1586], [694, 1274], [1005, 1097], [1182, 1409]]",0.9991804,pixels
16,MHR.7997.jpg,autozooid,427.2674255371094,361.97265625,102215.0,1324.4305835962296,0.936939992391917,0.7322613218566033,0.868186700720802,391.4139709472656,339.8204040527344,-6.959421634674072,488,843,0.16704785603468114,0.0007210656847432093,0.00014414256350588596,2.3430173290219067e-06,2.7147989063107128e-11,3.7193246678898284e-08,3.3421926479594834e-11,"[[493, 678], [492, 679], [469, 679], [468, 680], [442, 680], [441, 681], [433, 681], [432, 682], [430, 682], [429, 683], [427, 683], [426, 684], [424, 684], [423, 685], [422, 685], [421, 686], [420, 686], [419, 687], [418, 687], [417, 688], [416, 688], [414, 690], [413, 690], [409, 694], [409, 695], [408, 696], [408, 711], [406, 713], [406, 714], [401, 719], [400, 719], [397, 722], [396, 722], [395, 723], [395, 724], [392, 727], [391, 727], [389, 729], [388, 729], [387, 730], [383, 730], [382, 731], [378, 731], [377, 732], [374, 732], [373, 733], [371, 733], [370, 732], [368, 732], [367, 731], [363, 731], [362, 730], [336, 730], [335, 731], [329, 731], [328, 732], [321, 732], [320, 733], [314, 733], [313, 734], [308, 734], [307, 735], [304, 735], [303, 736], [300, 736], [299, 737], [296, 737], [295, 738], [294, 738], [293, 739], [292, 739], [291, 740], [289, 740], [288, 741], [287, 741], [286, 742], [284, 742], [283, 743], [281, 743], [277, 747], [277, 751], [276, 752], [276, 769], [275, 770], [275, 779], [276, 780], [276, 807], [277, 808], [277, 820], [278, 821], [278, 827], [279, 828], [279, 829], [280, 830], [280, 832], [288, 840], [289, 840], [292, 843], [293, 843], [299, 849], [299, 850], [308, 859], [309, 859], [316, 866], [316, 867], [318, 869], [318, 870], [320, 872], [320, 873], [322, 875], [322, 876], [324, 878], [324, 879], [329, 884], [329, 885], [331, 887], [331, 888], [333, 890], [333, 891], [334, 892], [334, 893], [336, 895], [336, 896], [338, 898], [338, 899], [343, 904], [343, 905], [345, 907], [345, 908], [347, 910], [347, 911], [348, 912], [348, 913], [349, 914], [349, 915], [350, 916], [350, 917], [352, 919], [352, 920], [354, 922], [354, 923], [359, 928], [359, 929], [361, 931], [361, 932], [362, 933], [362, 935], [363, 936], [363, 938], [364, 939], [364, 941], [365, 942], [365, 944], [366, 945], [366, 946], [367, 947], [367, 948], [368, 949], [368, 950], [370, 952], [370, 953], [375, 958], [375, 959], [377, 961], [377, 962], [378, 963], [378, 965], [379, 966], [379, 967], [380, 968], [380, 971], [381, 972], [381, 974], [382, 975], [382, 977], [383, 978], [383, 979], [384, 980], [384, 981], [388, 985], [389, 985], [392, 988], [392, 989], [394, 991], [394, 992], [395, 993], [395, 994], [396, 995], [396, 996], [397, 997], [397, 998], [402, 1003], [403, 1003], [408, 1008], [408, 1009], [416, 1017], [417, 1017], [418, 1018], [419, 1018], [420, 1019], [421, 1019], [422, 1020], [424, 1020], [425, 1021], [427, 1021], [428, 1022], [431, 1022], [432, 1023], [435, 1023], [436, 1022], [444, 1022], [445, 1021], [451, 1021], [452, 1020], [458, 1020], [459, 1019], [463, 1019], [464, 1018], [467, 1018], [468, 1017], [471, 1017], [472, 1016], [476, 1016], [477, 1015], [481, 1015], [482, 1014], [486, 1014], [487, 1013], [492, 1013], [493, 1012], [496, 1012], [497, 1011], [498, 1011], [499, 1010], [501, 1010], [502, 1009], [503, 1009], [504, 1008], [505, 1008], [507, 1006], [508, 1006], [510, 1004], [511, 1004], [512, 1003], [513, 1003], [514, 1002], [515, 1002], [516, 1001], [517, 1001], [518, 1000], [519, 1000], [520, 999], [522, 999], [523, 998], [525, 998], [526, 997], [528, 997], [529, 996], [531, 996], [532, 995], [534, 995], [535, 994], [536, 994], [537, 993], [538, 993], [539, 992], [544, 992], [545, 991], [553, 991], [554, 990], [581, 990], [582, 991], [590, 991], [591, 992], [598, 992], [599, 993], [603, 993], [604, 994], [608, 994], [609, 995], [614, 995], [615, 996], [639, 996], [640, 997], [647, 997], [648, 996], [657, 996], [658, 995], [663, 995], [664, 994], [667, 994], [668, 993], [668, 992], [669, 991], [669, 990], [670, 989], [670, 987], [671, 986], [671, 984], [672, 983], [672, 981], [671, 980], [671, 979], [670, 978], [670, 977], [669, 976], [669, 975], [668, 974], [668, 973], [667, 972], [667, 969], [666, 968], [666, 966], [665, 965], [665, 964], [664, 963], [664, 961], [663, 960], [663, 958], [662, 957], [662, 956], [661, 955], [661, 954], [660, 953], [660, 952], [659, 951], [659, 950], [658, 949], [658, 948], [657, 947], [657, 946], [656, 945], [656, 944], [655, 943], [655, 941], [654, 940], [654, 935], [653, 934], [653, 925], [652, 924], [652, 915], [653, 914], [653, 910], [654, 909], [654, 905], [655, 904], [655, 897], [656, 896], [656, 891], [657, 890], [657, 886], [658, 885], [658, 880], [659, 879], [659, 875], [660, 874], [660, 872], [661, 871], [661, 869], [662, 868], [662, 866], [663, 865], [663, 862], [664, 861], [664, 858], [665, 857], [665, 853], [666, 852], [666, 850], [667, 849], [667, 846], [668, 845], [668, 841], [669, 840], [669, 830], [670, 829], [670, 810], [669, 809], [669, 801], [668, 800], [668, 797], [667, 796], [667, 794], [666, 793], [666, 792], [665, 791], [665, 789], [664, 788], [664, 787], [658, 781], [658, 780], [656, 778], [656, 777], [655, 776], [655, 775], [654, 774], [654, 772], [653, 771], [653, 770], [652, 769], [652, 767], [651, 766], [651, 765], [650, 764], [650, 762], [641, 753], [641, 752], [639, 750], [639, 748], [638, 747], [638, 746], [636, 744], [636, 743], [627, 734], [627, 733], [626, 732], [626, 731], [625, 730], [625, 728], [624, 727], [624, 725], [623, 724], [623, 722], [622, 721], [622, 720], [616, 714], [615, 714], [611, 710], [611, 709], [610, 708], [610, 707], [609, 706], [609, 705], [608, 704], [608, 702], [607, 701], [607, 700], [606, 699], [606, 697], [604, 695], [604, 694], [601, 691], [600, 691], [589, 680], [588, 680], [586, 678]]","[[303, 1039], [262, 701], [651, 654], [692, 991]]",0.99877113,pixels
17,MHR.7997.jpg,autozooid,455.8214111328125,476.55419921875,150325.5,1538.1778404712677,0.9636188229562631,0.7984163467927428,0.7100569980942439,531.3876953125,377.3155517578125,-47.33450698852539,1209,2320,0.17612498005476518,0.004572723403705703,0.0002675689624421913,1.0510667658682804e-05,-2.408830645214919e-10,-3.717649132336455e-07,-5.026578358442333e-10,"[[1122, 2073], [1121, 2074], [1093, 2074], [1092, 2075], [1084, 2075], [1083, 2076], [1079, 2076], [1078, 2077], [1075, 2077], [1074, 2078], [1072, 2078], [1069, 2081], [1069, 2082], [1068, 2083], [1068, 2084], [1061, 2091], [1060, 2091], [1059, 2092], [1058, 2092], [1057, 2093], [1056, 2093], [1055, 2094], [1054, 2094], [1053, 2095], [1052, 2095], [1052, 2096], [1043, 2105], [1042, 2105], [1041, 2106], [1040, 2106], [1039, 2107], [1038, 2107], [1035, 2110], [1034, 2110], [1029, 2115], [1029, 2116], [1027, 2118], [1026, 2118], [1024, 2120], [1023, 2120], [1022, 2121], [1021, 2121], [1019, 2123], [1019, 2124], [1013, 2130], [1013, 2134], [1012, 2135], [1012, 2138], [1011, 2139], [1011, 2141], [1010, 2142], [1010, 2143], [1009, 2144], [1009, 2145], [1008, 2146], [1008, 2147], [1007, 2148], [1007, 2151], [1006, 2152], [1006, 2155], [1005, 2156], [1005, 2165], [1004, 2166], [1004, 2172], [1003, 2173], [1003, 2180], [1002, 2181], [1002, 2198], [1001, 2199], [1001, 2254], [1002, 2255], [1002, 2268], [1003, 2269], [1003, 2273], [1004, 2274], [1004, 2278], [1005, 2279], [1005, 2282], [1006, 2283], [1006, 2286], [1007, 2287], [1007, 2291], [1008, 2292], [1008, 2296], [1009, 2297], [1009, 2301], [1010, 2302], [1010, 2306], [1011, 2307], [1011, 2311], [1012, 2312], [1012, 2318], [1013, 2319], [1013, 2324], [1014, 2325], [1014, 2330], [1015, 2331], [1015, 2335], [1016, 2336], [1016, 2339], [1017, 2340], [1017, 2342], [1018, 2343], [1018, 2345], [1019, 2346], [1019, 2347], [1020, 2348], [1020, 2349], [1021, 2350], [1021, 2351], [1022, 2352], [1022, 2353], [1024, 2355], [1024, 2356], [1025, 2357], [1025, 2359], [1026, 2360], [1026, 2362], [1027, 2363], [1027, 2365], [1028, 2366], [1028, 2370], [1029, 2371], [1029, 2379], [1030, 2380], [1030, 2385], [1031, 2386], [1031, 2388], [1032, 2389], [1032, 2391], [1033, 2392], [1033, 2393], [1034, 2394], [1034, 2395], [1035, 2396], [1035, 2397], [1038, 2400], [1038, 2401], [1040, 2403], [1040, 2404], [1041, 2405], [1041, 2406], [1042, 2407], [1042, 2409], [1043, 2410], [1043, 2411], [1044, 2412], [1044, 2414], [1045, 2415], [1045, 2418], [1046, 2419], [1046, 2421], [1047, 2422], [1047, 2424], [1048, 2425], [1048, 2426], [1049, 2427], [1049, 2428], [1050, 2429], [1050, 2430], [1051, 2431], [1051, 2432], [1052, 2433], [1052, 2434], [1056, 2438], [1056, 2439], [1058, 2441], [1058, 2442], [1060, 2444], [1060, 2445], [1061, 2446], [1061, 2447], [1062, 2448], [1062, 2449], [1063, 2450], [1063, 2451], [1064, 2452], [1064, 2454], [1065, 2455], [1065, 2456], [1067, 2458], [1067, 2459], [1073, 2465], [1073, 2466], [1075, 2468], [1075, 2469], [1076, 2470], [1076, 2471], [1077, 2472], [1077, 2473], [1078, 2474], [1078, 2475], [1080, 2477], [1080, 2478], [1081, 2479], [1081, 2480], [1083, 2482], [1083, 2483], [1085, 2485], [1085, 2486], [1090, 2491], [1091, 2491], [1094, 2494], [1095, 2494], [1096, 2495], [1097, 2495], [1098, 2496], [1099, 2496], [1100, 2497], [1102, 2497], [1103, 2498], [1135, 2498], [1136, 2499], [1149, 2499], [1150, 2500], [1153, 2500], [1154, 2501], [1155, 2501], [1157, 2503], [1158, 2503], [1161, 2506], [1162, 2506], [1164, 2508], [1165, 2508], [1166, 2509], [1167, 2509], [1168, 2510], [1170, 2510], [1171, 2511], [1173, 2511], [1174, 2512], [1175, 2512], [1176, 2513], [1178, 2513], [1179, 2514], [1181, 2514], [1182, 2515], [1184, 2515], [1185, 2516], [1186, 2516], [1188, 2518], [1189, 2518], [1199, 2528], [1200, 2528], [1201, 2529], [1203, 2529], [1204, 2530], [1205, 2530], [1206, 2531], [1209, 2531], [1210, 2532], [1212, 2532], [1213, 2533], [1215, 2533], [1216, 2534], [1219, 2534], [1220, 2535], [1223, 2535], [1224, 2536], [1227, 2536], [1228, 2537], [1232, 2537], [1233, 2538], [1237, 2538], [1238, 2539], [1244, 2539], [1245, 2540], [1255, 2540], [1256, 2541], [1289, 2541], [1290, 2540], [1305, 2540], [1306, 2539], [1319, 2539], [1320, 2540], [1340, 2540], [1341, 2539], [1346, 2539], [1347, 2538], [1348, 2538], [1349, 2537], [1350, 2537], [1352, 2535], [1353, 2535], [1355, 2533], [1356, 2533], [1358, 2531], [1359, 2531], [1360, 2530], [1361, 2530], [1362, 2529], [1363, 2529], [1370, 2522], [1370, 2521], [1378, 2513], [1379, 2513], [1385, 2507], [1385, 2506], [1386, 2505], [1386, 2504], [1388, 2502], [1388, 2501], [1393, 2496], [1394, 2496], [1396, 2494], [1397, 2494], [1403, 2488], [1403, 2487], [1411, 2479], [1412, 2479], [1414, 2477], [1415, 2477], [1420, 2472], [1420, 2471], [1422, 2469], [1422, 2468], [1424, 2466], [1424, 2465], [1433, 2456], [1433, 2455], [1435, 2453], [1435, 2452], [1436, 2451], [1436, 2450], [1437, 2449], [1437, 2448], [1438, 2447], [1438, 2446], [1440, 2444], [1440, 2443], [1442, 2441], [1442, 2440], [1445, 2437], [1445, 2436], [1446, 2435], [1446, 2431], [1447, 2430], [1447, 2425], [1448, 2424], [1448, 2391], [1447, 2390], [1447, 2358], [1446, 2357], [1446, 2341], [1447, 2340], [1447, 2327], [1446, 2326], [1446, 2316], [1445, 2315], [1445, 2313], [1444, 2312], [1444, 2311], [1443, 2310], [1443, 2309], [1442, 2308], [1442, 2307], [1440, 2305], [1440, 2304], [1439, 2303], [1439, 2302], [1438, 2301], [1438, 2300], [1434, 2296], [1434, 2295], [1433, 2294], [1432, 2294], [1428, 2290], [1427, 2290], [1426, 2289], [1425, 2289], [1424, 2288], [1423, 2288], [1421, 2286], [1420, 2286], [1419, 2285], [1418, 2285], [1416, 2283], [1415, 2283], [1414, 2282], [1413, 2282], [1411, 2280], [1410, 2280], [1409, 2279], [1408, 2279], [1407, 2278], [1405, 2278], [1404, 2277], [1403, 2277], [1402, 2276], [1401, 2276], [1400, 2275], [1399, 2275], [1398, 2274], [1397, 2274], [1396, 2273], [1395, 2273], [1394, 2272], [1392, 2272], [1391, 2271], [1389, 2271], [1388, 2270], [1386, 2270], [1385, 2269], [1384, 2269], [1383, 2268], [1381, 2268], [1380, 2267], [1379, 2267], [1377, 2265], [1376, 2265], [1375, 2264], [1374, 2264], [1373, 2263], [1372, 2263], [1370, 2261], [1369, 2261], [1368, 2260], [1367, 2260], [1366, 2259], [1365, 2259], [1364, 2258], [1363, 2258], [1354, 2249], [1354, 2248], [1347, 2241], [1346, 2241], [1339, 2234], [1339, 2233], [1337, 2231], [1337, 2230], [1330, 2223], [1329, 2223], [1328, 2222], [1327, 2222], [1325, 2220], [1324, 2220], [1322, 2218], [1322, 2217], [1320, 2215], [1320, 2214], [1314, 2208], [1313, 2208], [1311, 2206], [1310, 2206], [1305, 2201], [1305, 2200], [1303, 2198], [1303, 2197], [1298, 2192], [1297, 2192], [1295, 2190], [1294, 2190], [1292, 2188], [1291, 2188], [1276, 2173], [1275, 2173], [1252, 2150], [1251, 2150], [1246, 2145], [1246, 2144], [1243, 2141], [1243, 2140], [1242, 2139], [1242, 2138], [1240, 2136], [1240, 2135], [1239, 2134], [1239, 2133], [1238, 2132], [1238, 2131], [1237, 2130], [1237, 2129], [1236, 2128], [1236, 2127], [1230, 2121], [1230, 2120], [1227, 2117], [1227, 2116], [1225, 2114], [1225, 2113], [1224, 2112], [1224, 2110], [1223, 2109], [1223, 2108], [1222, 2107], [1222, 2106], [1221, 2105], [1221, 2104], [1220, 2103], [1220, 2102], [1219, 2101], [1219, 2100], [1218, 2099], [1218, 2098], [1217, 2097], [1217, 2096], [1216, 2095], [1216, 2094], [1215, 2094], [1214, 2093], [1213, 2093], [1212, 2092], [1211, 2092], [1208, 2089], [1207, 2089], [1204, 2086], [1203, 2086], [1199, 2082], [1199, 2081], [1197, 2079], [1197, 2078], [1196, 2078], [1195, 2077], [1193, 2077], [1192, 2076], [1190, 2076], [1189, 2075], [1187, 2075], [1186, 2074], [1167, 2074], [1166, 2073]]","[[1258, 2646], [868, 2286], [1123, 2009], [1514, 2369]]",0.99873716,pixels
18,MHR.7997.jpg,autozooid,327.3348388671875,552.2633666992188,102814.5,1380.8397438526154,0.9480665581646249,0.677606673721573,0.6200554764777005,487.58612060546875,302.3304443359375,-81.73680877685547,1384,1063,0.20030764261002268,0.013877302646966561,0.00015377143523341802,3.5079259565924724e-05,2.5761828526891825e-09,4.095491517019839e-06,3.3527263486091255e-11,"[[1339, 817], [1338, 818], [1327, 818], [1326, 819], [1322, 819], [1321, 820], [1319, 820], [1318, 821], [1316, 821], [1313, 824], [1312, 824], [1305, 831], [1304, 831], [1303, 832], [1302, 832], [1301, 833], [1300, 833], [1299, 834], [1298, 834], [1297, 835], [1296, 835], [1295, 836], [1294, 836], [1292, 838], [1291, 838], [1281, 848], [1281, 849], [1279, 851], [1279, 852], [1278, 853], [1278, 854], [1277, 855], [1277, 856], [1275, 858], [1275, 859], [1274, 860], [1274, 861], [1273, 862], [1273, 864], [1272, 865], [1272, 866], [1271, 867], [1271, 869], [1270, 870], [1270, 872], [1269, 873], [1269, 875], [1268, 876], [1268, 879], [1267, 880], [1267, 883], [1266, 884], [1266, 887], [1265, 888], [1265, 891], [1264, 892], [1264, 895], [1263, 896], [1263, 899], [1262, 900], [1262, 903], [1261, 904], [1261, 907], [1260, 908], [1260, 911], [1259, 912], [1259, 915], [1258, 916], [1258, 918], [1257, 919], [1257, 923], [1256, 924], [1256, 927], [1255, 928], [1255, 931], [1254, 932], [1254, 936], [1253, 937], [1253, 941], [1252, 942], [1252, 947], [1251, 948], [1251, 952], [1250, 953], [1250, 957], [1249, 958], [1249, 960], [1248, 961], [1248, 963], [1247, 964], [1247, 966], [1246, 967], [1246, 969], [1245, 970], [1245, 972], [1244, 973], [1244, 976], [1243, 977], [1243, 982], [1242, 983], [1242, 989], [1241, 990], [1241, 996], [1240, 997], [1240, 1003], [1239, 1004], [1239, 1007], [1238, 1008], [1238, 1009], [1237, 1010], [1237, 1012], [1235, 1014], [1235, 1015], [1234, 1016], [1234, 1018], [1233, 1019], [1233, 1020], [1232, 1021], [1232, 1024], [1231, 1025], [1231, 1030], [1230, 1031], [1230, 1037], [1229, 1038], [1229, 1049], [1228, 1050], [1228, 1063], [1229, 1064], [1229, 1065], [1231, 1067], [1231, 1068], [1237, 1074], [1237, 1075], [1239, 1077], [1239, 1078], [1241, 1080], [1241, 1082], [1242, 1083], [1242, 1084], [1243, 1085], [1243, 1086], [1253, 1096], [1253, 1097], [1255, 1099], [1255, 1100], [1256, 1101], [1256, 1102], [1257, 1103], [1257, 1104], [1259, 1106], [1259, 1107], [1271, 1119], [1271, 1120], [1272, 1121], [1272, 1122], [1273, 1123], [1273, 1124], [1275, 1126], [1275, 1127], [1277, 1129], [1277, 1130], [1284, 1137], [1284, 1138], [1285, 1139], [1285, 1140], [1286, 1141], [1286, 1142], [1287, 1143], [1287, 1144], [1288, 1145], [1288, 1146], [1289, 1147], [1289, 1148], [1296, 1155], [1296, 1156], [1298, 1158], [1298, 1159], [1299, 1160], [1299, 1162], [1300, 1163], [1300, 1165], [1301, 1166], [1301, 1167], [1303, 1169], [1303, 1170], [1305, 1172], [1305, 1173], [1309, 1177], [1309, 1178], [1310, 1179], [1310, 1180], [1311, 1181], [1311, 1184], [1312, 1185], [1312, 1188], [1313, 1189], [1313, 1192], [1314, 1193], [1314, 1196], [1315, 1197], [1315, 1200], [1316, 1201], [1316, 1202], [1317, 1203], [1317, 1204], [1318, 1205], [1318, 1206], [1320, 1208], [1320, 1209], [1321, 1210], [1321, 1211], [1322, 1212], [1322, 1214], [1323, 1215], [1323, 1216], [1324, 1217], [1324, 1219], [1325, 1220], [1325, 1222], [1326, 1223], [1326, 1225], [1327, 1226], [1327, 1227], [1328, 1228], [1328, 1229], [1329, 1230], [1329, 1231], [1331, 1233], [1331, 1234], [1332, 1235], [1332, 1236], [1333, 1237], [1333, 1238], [1334, 1239], [1334, 1242], [1335, 1243], [1335, 1248], [1336, 1249], [1336, 1252], [1337, 1253], [1337, 1256], [1338, 1257], [1338, 1258], [1339, 1259], [1339, 1262], [1340, 1263], [1340, 1266], [1341, 1267], [1341, 1269], [1342, 1270], [1342, 1271], [1343, 1272], [1343, 1273], [1344, 1274], [1344, 1275], [1345, 1276], [1345, 1277], [1346, 1278], [1346, 1279], [1347, 1280], [1347, 1282], [1348, 1283], [1348, 1285], [1349, 1286], [1349, 1287], [1350, 1288], [1350, 1289], [1352, 1291], [1352, 1292], [1359, 1299], [1361, 1299], [1362, 1300], [1376, 1300], [1377, 1299], [1382, 1299], [1383, 1298], [1385, 1298], [1386, 1297], [1392, 1297], [1393, 1298], [1399, 1298], [1400, 1299], [1402, 1299], [1403, 1300], [1405, 1300], [1406, 1301], [1407, 1301], [1408, 1302], [1410, 1302], [1411, 1303], [1414, 1303], [1415, 1304], [1418, 1304], [1419, 1305], [1422, 1305], [1424, 1307], [1425, 1307], [1427, 1309], [1428, 1309], [1431, 1312], [1432, 1312], [1435, 1315], [1437, 1315], [1438, 1316], [1439, 1316], [1440, 1317], [1442, 1317], [1443, 1318], [1444, 1318], [1445, 1319], [1446, 1319], [1447, 1320], [1448, 1320], [1449, 1321], [1450, 1321], [1451, 1322], [1452, 1322], [1453, 1323], [1455, 1323], [1456, 1324], [1457, 1324], [1458, 1325], [1459, 1324], [1470, 1324], [1471, 1325], [1473, 1325], [1474, 1326], [1475, 1326], [1477, 1328], [1478, 1328], [1479, 1329], [1481, 1329], [1487, 1323], [1488, 1323], [1491, 1320], [1492, 1320], [1492, 1319], [1493, 1318], [1493, 1314], [1494, 1313], [1494, 1309], [1495, 1308], [1495, 1304], [1496, 1303], [1496, 1292], [1497, 1291], [1497, 1258], [1498, 1257], [1498, 1254], [1499, 1253], [1499, 1250], [1500, 1249], [1500, 1246], [1501, 1245], [1501, 1241], [1502, 1240], [1502, 1218], [1503, 1217], [1503, 1211], [1504, 1210], [1504, 1203], [1505, 1202], [1505, 1188], [1506, 1187], [1506, 1178], [1507, 1177], [1507, 1173], [1508, 1172], [1508, 1167], [1509, 1166], [1509, 1114], [1510, 1113], [1510, 1104], [1511, 1103], [1511, 1097], [1512, 1096], [1512, 1091], [1513, 1090], [1513, 1086], [1514, 1085], [1514, 1082], [1515, 1081], [1515, 1080], [1517, 1078], [1517, 1077], [1523, 1071], [1524, 1071], [1528, 1067], [1528, 1066], [1530, 1064], [1530, 1063], [1531, 1062], [1531, 1060], [1530, 1059], [1530, 1047], [1529, 1046], [1529, 1042], [1520, 1033], [1520, 1032], [1519, 1031], [1519, 1030], [1517, 1028], [1517, 1026], [1516, 1025], [1516, 1024], [1515, 1023], [1515, 1022], [1514, 1021], [1514, 1020], [1512, 1018], [1512, 1016], [1511, 1015], [1511, 1014], [1510, 1013], [1510, 1012], [1509, 1011], [1509, 1009], [1508, 1008], [1508, 1005], [1507, 1004], [1507, 1002], [1506, 1001], [1506, 1000], [1505, 999], [1505, 998], [1503, 996], [1503, 995], [1501, 993], [1501, 992], [1500, 991], [1500, 990], [1499, 989], [1499, 987], [1498, 986], [1498, 984], [1497, 983], [1497, 981], [1496, 980], [1496, 978], [1495, 977], [1495, 976], [1493, 974], [1493, 973], [1491, 971], [1491, 970], [1490, 969], [1490, 968], [1489, 967], [1489, 966], [1488, 965], [1488, 963], [1487, 962], [1487, 959], [1486, 958], [1486, 956], [1485, 955], [1485, 952], [1484, 951], [1484, 949], [1483, 948], [1483, 946], [1482, 945], [1482, 944], [1481, 943], [1481, 941], [1480, 940], [1480, 939], [1479, 938], [1479, 937], [1478, 936], [1478, 935], [1477, 934], [1477, 933], [1476, 932], [1476, 930], [1475, 929], [1475, 926], [1474, 925], [1474, 923], [1473, 922], [1473, 921], [1472, 920], [1472, 919], [1471, 918], [1471, 917], [1469, 915], [1469, 914], [1466, 911], [1466, 910], [1465, 909], [1465, 908], [1464, 907], [1464, 906], [1463, 905], [1463, 903], [1462, 902], [1462, 901], [1461, 900], [1461, 899], [1459, 897], [1459, 896], [1455, 892], [1455, 891], [1454, 890], [1454, 889], [1453, 888], [1453, 887], [1452, 886], [1452, 885], [1451, 884], [1451, 883], [1450, 882], [1450, 881], [1442, 873], [1442, 872], [1439, 869], [1439, 868], [1438, 867], [1438, 866], [1437, 865], [1437, 864], [1436, 863], [1436, 862], [1435, 861], [1435, 860], [1434, 859], [1433, 859], [1431, 857], [1430, 857], [1428, 855], [1427, 855], [1426, 854], [1425, 854], [1423, 852], [1422, 852], [1421, 851], [1419, 851], [1418, 850], [1417, 850], [1415, 848], [1414, 848], [1413, 847], [1412, 847], [1408, 843], [1407, 843], [1405, 841], [1404, 841], [1403, 840], [1402, 840], [1401, 839], [1400, 839], [1399, 838], [1396, 838], [1395, 837], [1391, 837], [1390, 836], [1386, 836], [1385, 835], [1383, 835], [1382, 834], [1380, 834], [1379, 833], [1378, 833], [1377, 832], [1376, 832], [1375, 831], [1374, 831], [1373, 830], [1372, 830], [1370, 828], [1369, 828], [1365, 824], [1364, 824], [1362, 822], [1361, 822], [1360, 821], [1359, 821], [1358, 820], [1356, 820], [1355, 819], [1354, 819], [1353, 818], [1342, 818], [1341, 817]]","[[1491, 1330], [1192, 1287], [1262, 804], [1562, 848]]",0.998254,pixels
19,MHR.7997.jpg,autozooid,340.3309326171875,352.248779296875,69469.0,1099.484403371811,0.9555833723073537,0.7221422671854344,0.5891783182468283,401.44598388671875,236.5232696533203,-40.75438690185547,1700,2037,0.19011037977064837,0.009887449792097583,9.917168923123201e-05,7.12941351896108e-06,1.7282206482895182e-10,6.294924903439169e-07,7.791109396408094e-11,"[[1606, 1874], [1605, 1875], [1597, 1875], [1596, 1876], [1589, 1876], [1588, 1877], [1587, 1877], [1586, 1878], [1585, 1878], [1583, 1880], [1582, 1880], [1581, 1881], [1580, 1881], [1578, 1883], [1576, 1883], [1575, 1884], [1574, 1884], [1573, 1885], [1571, 1885], [1570, 1886], [1569, 1886], [1568, 1887], [1567, 1887], [1566, 1888], [1565, 1888], [1564, 1889], [1563, 1889], [1561, 1891], [1560, 1891], [1554, 1897], [1554, 1898], [1552, 1900], [1552, 1901], [1550, 1903], [1550, 1904], [1548, 1906], [1548, 1907], [1547, 1908], [1547, 1909], [1546, 1910], [1546, 1911], [1545, 1912], [1545, 1913], [1544, 1914], [1544, 1916], [1543, 1917], [1543, 1919], [1542, 1920], [1542, 1922], [1541, 1923], [1541, 1926], [1540, 1927], [1540, 1933], [1539, 1934], [1539, 1941], [1538, 1942], [1538, 1948], [1537, 1949], [1537, 1996], [1538, 1997], [1538, 2005], [1539, 2006], [1539, 2008], [1540, 2009], [1540, 2011], [1541, 2012], [1541, 2013], [1542, 2014], [1543, 2014], [1545, 2016], [1547, 2016], [1548, 2017], [1549, 2017], [1550, 2018], [1551, 2018], [1552, 2019], [1553, 2019], [1554, 2020], [1554, 2021], [1564, 2031], [1565, 2031], [1566, 2032], [1566, 2033], [1570, 2037], [1570, 2038], [1580, 2048], [1580, 2049], [1582, 2051], [1582, 2052], [1583, 2053], [1583, 2054], [1585, 2056], [1585, 2057], [1592, 2064], [1592, 2065], [1594, 2067], [1594, 2068], [1596, 2070], [1596, 2071], [1600, 2075], [1600, 2076], [1604, 2080], [1604, 2081], [1606, 2083], [1606, 2084], [1607, 2085], [1607, 2086], [1609, 2088], [1609, 2089], [1610, 2090], [1610, 2091], [1612, 2093], [1612, 2094], [1613, 2095], [1614, 2095], [1621, 2102], [1621, 2103], [1624, 2106], [1624, 2107], [1632, 2115], [1632, 2116], [1633, 2117], [1633, 2118], [1634, 2119], [1634, 2120], [1642, 2128], [1642, 2129], [1644, 2131], [1644, 2132], [1647, 2135], [1647, 2136], [1648, 2137], [1649, 2137], [1653, 2141], [1653, 2142], [1655, 2144], [1655, 2145], [1659, 2149], [1660, 2149], [1663, 2152], [1664, 2152], [1666, 2154], [1666, 2155], [1673, 2162], [1674, 2162], [1680, 2168], [1680, 2169], [1686, 2175], [1687, 2175], [1688, 2176], [1689, 2176], [1691, 2178], [1692, 2178], [1698, 2184], [1699, 2184], [1701, 2186], [1702, 2186], [1708, 2192], [1708, 2193], [1709, 2194], [1709, 2197], [1710, 2198], [1710, 2200], [1711, 2201], [1711, 2203], [1714, 2206], [1715, 2206], [1717, 2208], [1718, 2208], [1720, 2210], [1721, 2210], [1723, 2212], [1727, 2212], [1728, 2213], [1732, 2213], [1733, 2214], [1738, 2214], [1739, 2213], [1741, 2213], [1742, 2212], [1745, 2212], [1746, 2211], [1747, 2211], [1759, 2199], [1760, 2199], [1763, 2196], [1764, 2196], [1765, 2195], [1766, 2195], [1767, 2194], [1769, 2194], [1770, 2193], [1772, 2193], [1774, 2191], [1775, 2191], [1777, 2189], [1778, 2189], [1779, 2188], [1780, 2188], [1781, 2187], [1782, 2187], [1783, 2186], [1785, 2186], [1786, 2185], [1789, 2185], [1790, 2184], [1793, 2184], [1794, 2183], [1797, 2183], [1798, 2182], [1800, 2182], [1801, 2181], [1803, 2181], [1804, 2180], [1806, 2180], [1807, 2179], [1809, 2179], [1810, 2178], [1813, 2178], [1814, 2177], [1816, 2177], [1817, 2176], [1820, 2176], [1821, 2175], [1822, 2175], [1823, 2174], [1824, 2174], [1826, 2172], [1827, 2172], [1828, 2171], [1829, 2171], [1830, 2170], [1832, 2170], [1833, 2169], [1836, 2169], [1837, 2168], [1842, 2168], [1843, 2167], [1850, 2167], [1851, 2166], [1855, 2166], [1856, 2165], [1857, 2165], [1857, 2164], [1858, 2163], [1858, 2162], [1859, 2161], [1859, 2160], [1860, 2159], [1860, 2158], [1861, 2157], [1861, 2156], [1862, 2155], [1862, 2154], [1863, 2153], [1863, 2150], [1864, 2149], [1864, 2146], [1865, 2145], [1865, 2127], [1864, 2126], [1864, 2123], [1863, 2122], [1863, 2117], [1862, 2116], [1862, 2111], [1861, 2110], [1861, 2104], [1860, 2103], [1860, 2099], [1859, 2098], [1859, 2095], [1858, 2094], [1858, 2092], [1857, 2091], [1857, 2090], [1855, 2088], [1855, 2087], [1854, 2086], [1854, 2085], [1853, 2084], [1853, 2083], [1852, 2082], [1852, 2081], [1851, 2080], [1851, 2079], [1850, 2078], [1850, 2077], [1849, 2076], [1849, 2075], [1848, 2074], [1848, 2073], [1846, 2071], [1846, 2070], [1844, 2068], [1844, 2067], [1842, 2065], [1842, 2064], [1841, 2063], [1841, 2061], [1840, 2060], [1840, 2058], [1839, 2057], [1839, 2055], [1838, 2054], [1838, 2050], [1837, 2049], [1837, 2043], [1836, 2042], [1836, 2026], [1837, 2025], [1837, 2017], [1838, 2016], [1838, 2008], [1839, 2007], [1839, 2001], [1838, 2000], [1838, 1998], [1837, 1997], [1837, 1995], [1836, 1994], [1836, 1993], [1832, 1989], [1831, 1989], [1828, 1986], [1827, 1986], [1826, 1985], [1825, 1985], [1824, 1984], [1823, 1984], [1822, 1983], [1821, 1983], [1820, 1982], [1819, 1982], [1818, 1981], [1817, 1981], [1814, 1978], [1813, 1978], [1812, 1977], [1811, 1977], [1810, 1976], [1809, 1976], [1808, 1975], [1806, 1975], [1805, 1974], [1802, 1974], [1801, 1973], [1797, 1973], [1796, 1972], [1794, 1972], [1793, 1971], [1792, 1971], [1791, 1970], [1790, 1970], [1788, 1968], [1787, 1968], [1783, 1964], [1782, 1964], [1781, 1963], [1780, 1963], [1779, 1962], [1777, 1962], [1776, 1961], [1774, 1961], [1773, 1960], [1770, 1960], [1769, 1959], [1767, 1959], [1766, 1958], [1764, 1958], [1763, 1957], [1762, 1957], [1761, 1956], [1760, 1956], [1757, 1953], [1756, 1953], [1753, 1950], [1752, 1950], [1751, 1949], [1750, 1949], [1749, 1948], [1747, 1948], [1746, 1947], [1745, 1947], [1742, 1944], [1741, 1944], [1739, 1942], [1739, 1941], [1734, 1936], [1733, 1936], [1729, 1932], [1729, 1931], [1726, 1928], [1726, 1927], [1723, 1924], [1722, 1924], [1717, 1919], [1717, 1918], [1715, 1916], [1715, 1915], [1712, 1912], [1711, 1912], [1710, 1911], [1709, 1911], [1706, 1908], [1705, 1908], [1698, 1901], [1697, 1901], [1696, 1900], [1695, 1900], [1694, 1899], [1693, 1899], [1692, 1898], [1691, 1898], [1690, 1897], [1689, 1897], [1688, 1896], [1687, 1896], [1686, 1895], [1685, 1895], [1684, 1894], [1683, 1894], [1677, 1888], [1676, 1888], [1675, 1887], [1674, 1887], [1673, 1886], [1670, 1886], [1669, 1885], [1667, 1885], [1666, 1884], [1663, 1884], [1662, 1883], [1660, 1883], [1659, 1882], [1657, 1882], [1656, 1881], [1655, 1881], [1654, 1880], [1653, 1880], [1651, 1878], [1650, 1878], [1649, 1877], [1647, 1877], [1646, 1876], [1644, 1876], [1643, 1875], [1639, 1875], [1638, 1874]]","[[1750, 2256], [1488, 1952], [1667, 1797], [1930, 2102]]",0.9970421,pixels
20,MHR.7997.jpg,autozooid,455.0435791015625,385.017333984375,104235.5,1375.1240140199661,0.9245448699470031,0.6926945734682592,0.9687893160998916,388.4692077636719,376.3448181152344,-21.149524688720703,622,1805,0.16960816868698117,0.0017095663814965434,0.00019245872998133006,1.4807801386098866e-06,1.604499554067269e-11,1.6949055450621795e-08,-1.916915331709902e-11,"[[505, 1623], [504, 1624], [501, 1624], [500, 1625], [499, 1625], [498, 1626], [496, 1626], [495, 1627], [494, 1627], [491, 1630], [490, 1630], [485, 1635], [485, 1636], [483, 1638], [483, 1639], [482, 1640], [482, 1641], [481, 1642], [481, 1643], [480, 1644], [480, 1645], [479, 1646], [479, 1647], [476, 1650], [476, 1651], [473, 1654], [472, 1654], [472, 1655], [471, 1656], [471, 1657], [470, 1658], [470, 1659], [469, 1660], [469, 1661], [468, 1662], [468, 1663], [467, 1664], [467, 1665], [466, 1666], [466, 1667], [465, 1668], [465, 1669], [463, 1671], [463, 1672], [461, 1674], [461, 1675], [455, 1681], [455, 1682], [453, 1684], [453, 1685], [452, 1686], [452, 1687], [451, 1688], [451, 1689], [450, 1690], [450, 1692], [449, 1693], [449, 1694], [448, 1695], [448, 1696], [447, 1697], [447, 1699], [446, 1700], [446, 1701], [445, 1702], [445, 1703], [444, 1704], [444, 1705], [440, 1709], [440, 1710], [439, 1711], [439, 1712], [438, 1713], [438, 1715], [437, 1716], [437, 1717], [436, 1718], [436, 1719], [435, 1720], [435, 1722], [434, 1723], [434, 1725], [433, 1726], [433, 1728], [432, 1729], [432, 1731], [431, 1732], [431, 1733], [430, 1734], [430, 1736], [429, 1737], [429, 1738], [427, 1740], [427, 1741], [424, 1744], [424, 1745], [423, 1746], [423, 1747], [422, 1748], [422, 1750], [421, 1751], [421, 1754], [420, 1755], [420, 1759], [419, 1760], [419, 1764], [418, 1765], [418, 1773], [417, 1774], [417, 1793], [418, 1794], [418, 1795], [429, 1806], [429, 1807], [437, 1815], [438, 1815], [445, 1822], [445, 1823], [448, 1826], [448, 1827], [449, 1828], [449, 1829], [450, 1830], [450, 1831], [452, 1833], [452, 1837], [453, 1838], [453, 1840], [454, 1841], [454, 1843], [456, 1845], [456, 1846], [457, 1847], [457, 1848], [458, 1849], [458, 1851], [459, 1852], [459, 1854], [460, 1855], [460, 1856], [461, 1857], [461, 1858], [462, 1859], [462, 1860], [464, 1862], [464, 1863], [465, 1864], [465, 1865], [466, 1866], [466, 1867], [467, 1868], [467, 1870], [468, 1871], [468, 1874], [469, 1875], [469, 1878], [470, 1879], [470, 1882], [471, 1883], [471, 1885], [472, 1886], [472, 1887], [473, 1888], [482, 1888], [483, 1887], [488, 1887], [495, 1894], [495, 1895], [497, 1897], [497, 1898], [498, 1899], [498, 1901], [500, 1903], [500, 1904], [503, 1907], [504, 1907], [505, 1908], [506, 1908], [507, 1909], [509, 1909], [510, 1910], [513, 1910], [514, 1911], [517, 1911], [518, 1912], [521, 1912], [522, 1913], [530, 1913], [531, 1914], [533, 1914], [534, 1915], [535, 1915], [536, 1916], [538, 1916], [539, 1917], [540, 1917], [541, 1918], [542, 1918], [551, 1927], [551, 1928], [553, 1930], [552, 1931], [552, 1935], [551, 1936], [551, 1941], [550, 1942], [550, 1947], [549, 1948], [549, 1952], [548, 1953], [548, 1957], [547, 1958], [547, 1962], [546, 1963], [546, 1965], [545, 1966], [545, 1968], [543, 1970], [543, 1971], [536, 1978], [536, 1979], [535, 1980], [535, 1981], [534, 1982], [534, 1984], [533, 1985], [534, 1986], [534, 1990], [535, 1991], [535, 1994], [536, 1995], [536, 1997], [538, 1999], [541, 1999], [542, 2000], [547, 2000], [548, 2001], [571, 2001], [573, 1999], [574, 1999], [578, 1995], [579, 1995], [580, 1994], [581, 1994], [582, 1993], [584, 1993], [585, 1992], [587, 1992], [588, 1991], [591, 1991], [592, 1990], [594, 1990], [595, 1989], [597, 1989], [598, 1988], [599, 1988], [600, 1987], [602, 1987], [604, 1985], [605, 1985], [607, 1983], [608, 1983], [609, 1982], [610, 1982], [611, 1981], [612, 1981], [613, 1980], [615, 1980], [616, 1979], [618, 1979], [619, 1978], [623, 1978], [624, 1977], [628, 1977], [629, 1976], [633, 1976], [634, 1975], [637, 1975], [638, 1974], [640, 1974], [641, 1973], [643, 1973], [644, 1972], [646, 1972], [647, 1971], [648, 1971], [649, 1970], [650, 1970], [651, 1969], [653, 1969], [654, 1968], [657, 1968], [658, 1967], [662, 1967], [663, 1966], [669, 1966], [670, 1965], [677, 1965], [678, 1964], [687, 1964], [688, 1963], [696, 1963], [697, 1962], [702, 1962], [703, 1961], [705, 1961], [706, 1960], [707, 1960], [708, 1959], [709, 1959], [710, 1958], [711, 1958], [712, 1957], [713, 1957], [715, 1955], [717, 1955], [718, 1954], [720, 1954], [721, 1953], [723, 1953], [724, 1952], [727, 1952], [728, 1951], [732, 1951], [733, 1950], [735, 1950], [736, 1949], [737, 1949], [738, 1948], [740, 1948], [742, 1946], [743, 1946], [746, 1943], [747, 1943], [750, 1940], [751, 1940], [753, 1938], [754, 1938], [756, 1936], [757, 1936], [760, 1933], [761, 1933], [766, 1928], [767, 1928], [770, 1925], [771, 1925], [774, 1922], [775, 1922], [777, 1920], [778, 1920], [779, 1919], [780, 1919], [786, 1913], [787, 1913], [791, 1909], [792, 1909], [794, 1907], [795, 1907], [796, 1906], [797, 1906], [798, 1905], [799, 1905], [802, 1902], [802, 1901], [807, 1896], [808, 1896], [811, 1893], [812, 1893], [813, 1892], [814, 1892], [818, 1888], [818, 1887], [819, 1886], [819, 1885], [820, 1884], [820, 1883], [821, 1882], [821, 1880], [822, 1879], [822, 1878], [823, 1877], [823, 1875], [825, 1873], [825, 1872], [830, 1867], [831, 1867], [834, 1864], [834, 1863], [836, 1861], [836, 1854], [837, 1853], [837, 1841], [836, 1840], [836, 1833], [835, 1832], [835, 1831], [833, 1829], [833, 1828], [827, 1822], [827, 1821], [825, 1819], [825, 1817], [824, 1816], [824, 1814], [823, 1813], [823, 1811], [822, 1810], [822, 1808], [821, 1807], [821, 1804], [820, 1803], [820, 1801], [819, 1800], [819, 1799], [818, 1798], [818, 1797], [817, 1796], [817, 1795], [816, 1794], [816, 1793], [811, 1788], [811, 1787], [809, 1785], [809, 1784], [808, 1783], [808, 1782], [807, 1781], [807, 1780], [806, 1779], [806, 1778], [804, 1776], [804, 1775], [798, 1769], [797, 1769], [792, 1764], [792, 1763], [791, 1762], [791, 1760], [790, 1759], [790, 1758], [789, 1757], [789, 1756], [788, 1755], [788, 1753], [787, 1752], [787, 1750], [786, 1749], [786, 1747], [785, 1746], [785, 1743], [784, 1742], [784, 1740], [783, 1739], [783, 1736], [782, 1735], [782, 1730], [781, 1729], [781, 1726], [780, 1725], [780, 1722], [781, 1721], [781, 1716], [782, 1715], [782, 1707], [783, 1706], [783, 1696], [776, 1689], [776, 1688], [772, 1684], [772, 1683], [771, 1682], [770, 1682], [768, 1680], [767, 1680], [766, 1679], [764, 1679], [763, 1678], [758, 1678], [757, 1677], [750, 1677], [749, 1676], [691, 1676], [690, 1675], [678, 1675], [677, 1674], [669, 1674], [668, 1673], [664, 1673], [663, 1672], [660, 1672], [659, 1671], [656, 1671], [655, 1670], [653, 1670], [652, 1669], [651, 1669], [650, 1668], [649, 1668], [648, 1667], [646, 1667], [645, 1666], [643, 1666], [642, 1665], [639, 1665], [638, 1664], [634, 1664], [633, 1663], [626, 1663], [625, 1662], [618, 1662], [617, 1661], [614, 1661], [613, 1660], [611, 1660], [610, 1659], [609, 1659], [608, 1658], [607, 1658], [606, 1657], [605, 1657], [604, 1656], [603, 1656], [601, 1654], [600, 1654], [599, 1653], [598, 1653], [597, 1652], [596, 1652], [595, 1651], [594, 1651], [593, 1650], [591, 1650], [590, 1649], [587, 1649], [586, 1648], [584, 1648], [583, 1647], [582, 1647], [581, 1646], [580, 1646], [579, 1645], [578, 1645], [574, 1641], [573, 1641], [571, 1639], [570, 1639], [569, 1638], [567, 1638], [566, 1637], [563, 1637], [562, 1636], [558, 1636], [557, 1635], [554, 1635], [553, 1634], [550, 1634], [549, 1633], [548, 1633], [547, 1632], [546, 1632], [545, 1631], [544, 1631], [543, 1630], [542, 1630], [540, 1628], [539, 1628], [538, 1627], [537, 1627], [536, 1626], [533, 1626], [532, 1625], [528, 1625], [527, 1624], [523, 1624], [522, 1623]]","[[511, 2036], [371, 1674], [722, 1538], [862, 1900]]",0.9936674,pixels
21,MHR.7997.jpg,autozooid,489.9915771484375,358.86273193359375,121821.0,1495.5432797670364,0.9388033476672678,0.6844379043701765,0.6441084574531313,492.6720886230469,317.3342590332031,-84.26907348632812,372,521,0.18247812595448715,0.006567106562001612,0.00011120539273566113,7.22040060866202e-06,4.413433535466802e-12,1.46279509635554e-08,-2.0455203326489832e-10,"[[151, 347], [149, 349], [149, 350], [148, 351], [148, 352], [147, 353], [147, 356], [148, 357], [148, 372], [147, 373], [147, 385], [148, 386], [148, 405], [147, 406], [147, 409], [146, 410], [146, 414], [145, 415], [145, 434], [146, 435], [146, 439], [147, 440], [147, 449], [148, 450], [148, 456], [147, 457], [147, 458], [146, 459], [146, 461], [145, 462], [145, 465], [144, 466], [144, 532], [145, 533], [145, 542], [146, 543], [146, 548], [147, 549], [147, 553], [148, 554], [148, 557], [149, 558], [149, 561], [150, 562], [150, 564], [151, 565], [151, 566], [153, 568], [155, 568], [156, 569], [158, 569], [159, 570], [160, 570], [161, 571], [162, 571], [163, 572], [164, 572], [165, 573], [166, 573], [167, 574], [168, 574], [171, 577], [171, 578], [176, 583], [177, 583], [179, 585], [180, 585], [181, 586], [182, 586], [183, 587], [184, 587], [185, 588], [186, 588], [187, 589], [188, 589], [191, 592], [192, 592], [194, 594], [195, 594], [196, 595], [197, 595], [209, 607], [209, 608], [210, 609], [211, 609], [212, 610], [213, 610], [214, 611], [215, 611], [216, 612], [217, 612], [218, 613], [221, 613], [222, 614], [223, 614], [224, 615], [225, 615], [226, 616], [227, 616], [228, 617], [229, 617], [231, 619], [232, 619], [235, 622], [236, 622], [237, 623], [238, 623], [239, 624], [240, 624], [241, 625], [242, 625], [244, 627], [245, 627], [247, 629], [248, 629], [251, 632], [252, 632], [255, 635], [256, 635], [258, 637], [259, 637], [262, 640], [263, 640], [268, 645], [268, 646], [271, 649], [272, 649], [274, 651], [275, 651], [276, 652], [277, 652], [278, 653], [279, 653], [281, 655], [282, 655], [289, 662], [290, 662], [291, 663], [292, 663], [293, 664], [295, 664], [296, 665], [297, 665], [298, 666], [300, 666], [301, 667], [302, 667], [303, 668], [304, 668], [305, 669], [306, 669], [307, 670], [308, 670], [309, 671], [310, 671], [311, 672], [312, 672], [314, 674], [315, 674], [316, 675], [318, 675], [319, 676], [320, 676], [321, 677], [323, 677], [324, 678], [330, 678], [331, 679], [340, 679], [341, 680], [346, 680], [347, 681], [350, 681], [351, 682], [354, 682], [355, 683], [357, 683], [358, 684], [359, 684], [360, 685], [362, 685], [363, 686], [371, 686], [372, 687], [407, 687], [408, 686], [415, 686], [416, 685], [417, 685], [418, 684], [420, 684], [421, 683], [423, 683], [424, 682], [427, 682], [428, 681], [455, 681], [456, 680], [480, 680], [481, 679], [554, 679], [555, 678], [564, 678], [565, 677], [571, 677], [572, 676], [574, 676], [575, 675], [576, 675], [577, 674], [578, 674], [582, 670], [582, 669], [586, 665], [587, 665], [590, 662], [590, 661], [591, 660], [591, 658], [592, 657], [592, 652], [593, 651], [593, 632], [592, 631], [592, 628], [591, 627], [591, 624], [590, 623], [590, 622], [589, 621], [589, 620], [585, 616], [585, 615], [583, 613], [583, 612], [581, 610], [581, 609], [580, 608], [580, 605], [579, 604], [579, 600], [578, 599], [578, 595], [577, 594], [577, 592], [576, 591], [576, 589], [575, 588], [575, 586], [574, 585], [574, 578], [575, 577], [575, 571], [576, 570], [576, 568], [577, 567], [577, 565], [578, 564], [578, 562], [579, 561], [579, 559], [580, 558], [580, 557], [581, 556], [581, 555], [582, 554], [582, 553], [583, 552], [583, 551], [585, 549], [585, 548], [589, 544], [589, 543], [590, 542], [590, 541], [591, 540], [591, 539], [592, 538], [592, 537], [593, 536], [593, 534], [594, 533], [594, 531], [595, 530], [595, 528], [596, 527], [596, 525], [597, 524], [597, 522], [598, 521], [598, 520], [599, 519], [599, 518], [601, 516], [601, 515], [606, 510], [607, 510], [611, 506], [612, 506], [616, 502], [617, 502], [619, 500], [620, 500], [622, 498], [623, 498], [627, 494], [627, 491], [628, 490], [628, 485], [629, 484], [629, 481], [628, 480], [628, 479], [623, 474], [622, 474], [620, 472], [619, 472], [614, 467], [613, 467], [611, 465], [610, 465], [609, 464], [608, 464], [607, 463], [605, 463], [604, 462], [603, 462], [602, 461], [601, 461], [598, 458], [597, 458], [593, 454], [592, 454], [590, 452], [589, 452], [588, 451], [586, 451], [585, 450], [583, 450], [582, 449], [581, 449], [580, 448], [579, 448], [578, 447], [577, 447], [575, 445], [574, 445], [571, 442], [569, 442], [568, 441], [567, 441], [566, 440], [564, 440], [563, 439], [561, 439], [560, 438], [558, 438], [557, 437], [554, 437], [553, 436], [551, 436], [550, 435], [548, 435], [547, 434], [545, 434], [544, 433], [542, 433], [541, 432], [540, 432], [539, 431], [538, 431], [537, 430], [536, 430], [535, 429], [534, 429], [533, 428], [532, 428], [531, 427], [530, 427], [529, 426], [528, 426], [527, 425], [525, 425], [524, 424], [523, 424], [522, 423], [520, 423], [519, 422], [518, 422], [517, 421], [516, 421], [513, 418], [512, 418], [507, 413], [506, 413], [504, 411], [503, 411], [502, 410], [501, 410], [499, 408], [498, 408], [490, 400], [489, 400], [487, 398], [486, 398], [484, 396], [483, 396], [481, 394], [480, 394], [471, 385], [470, 385], [468, 383], [467, 383], [466, 382], [464, 382], [463, 381], [461, 381], [460, 380], [459, 380], [458, 379], [456, 379], [455, 378], [454, 378], [453, 377], [452, 377], [451, 376], [445, 376], [444, 377], [441, 377], [440, 378], [437, 378], [436, 379], [432, 379], [431, 380], [422, 380], [421, 381], [412, 381], [411, 380], [408, 380], [407, 379], [405, 379], [404, 378], [402, 378], [401, 377], [399, 377], [398, 376], [393, 376], [392, 375], [384, 375], [383, 374], [375, 374], [374, 373], [365, 373], [364, 372], [349, 372], [348, 373], [330, 373], [329, 374], [321, 374], [320, 375], [315, 375], [314, 376], [310, 376], [309, 377], [307, 377], [306, 376], [294, 376], [293, 375], [290, 375], [289, 376], [283, 376], [282, 377], [277, 377], [276, 378], [270, 378], [269, 377], [264, 377], [263, 376], [258, 376], [257, 375], [252, 375], [251, 374], [248, 374], [247, 373], [245, 373], [244, 372], [242, 372], [241, 371], [240, 371], [239, 370], [233, 370], [232, 369], [226, 369], [225, 368], [220, 368], [219, 367], [215, 367], [214, 366], [210, 366], [209, 365], [205, 365], [204, 364], [199, 364], [198, 363], [197, 363], [195, 361], [195, 360], [194, 359], [194, 353], [193, 353], [192, 352], [190, 352], [189, 351], [187, 351], [186, 350], [180, 350], [179, 349], [173, 349], [172, 348], [161, 348], [160, 347]]","[[606, 710], [116, 661], [147, 345], [637, 394]]",0.99120915,pixels
22,MHR.7997.jpg,autozooid,347.16796875,381.1439208984375,74870.0,1133.7686747312546,0.9497954394088357,0.7319287222847224,0.7104513378128665,379.7608947753906,269.8016357421875,-36.51567840576172,1390,1472,0.1753695950889403,0.0037824590055914853,0.0004306969358031285,2.1172616442773766e-05,1.872277530316807e-09,1.1921042266683184e-06,-7.631715464711485e-10,"[[1369, 1305], [1368, 1306], [1362, 1306], [1361, 1307], [1355, 1307], [1354, 1308], [1348, 1308], [1347, 1309], [1345, 1309], [1344, 1310], [1341, 1310], [1340, 1311], [1337, 1311], [1336, 1312], [1334, 1312], [1333, 1313], [1331, 1313], [1330, 1314], [1328, 1314], [1327, 1315], [1325, 1315], [1324, 1316], [1323, 1316], [1322, 1317], [1320, 1317], [1319, 1318], [1318, 1318], [1317, 1319], [1315, 1319], [1313, 1321], [1312, 1321], [1311, 1322], [1310, 1322], [1307, 1325], [1306, 1325], [1303, 1328], [1302, 1328], [1301, 1329], [1300, 1329], [1298, 1331], [1297, 1331], [1294, 1334], [1293, 1334], [1287, 1340], [1286, 1340], [1283, 1343], [1282, 1343], [1270, 1355], [1270, 1356], [1265, 1361], [1265, 1362], [1263, 1364], [1263, 1365], [1259, 1369], [1258, 1369], [1255, 1372], [1254, 1372], [1251, 1375], [1250, 1375], [1248, 1377], [1248, 1378], [1247, 1379], [1247, 1380], [1246, 1381], [1246, 1382], [1244, 1384], [1244, 1385], [1242, 1387], [1242, 1388], [1239, 1391], [1239, 1392], [1237, 1394], [1237, 1395], [1235, 1397], [1235, 1398], [1233, 1400], [1233, 1401], [1232, 1402], [1232, 1403], [1231, 1404], [1231, 1405], [1230, 1406], [1230, 1407], [1229, 1408], [1229, 1410], [1228, 1411], [1228, 1412], [1227, 1413], [1227, 1415], [1226, 1416], [1226, 1418], [1225, 1419], [1225, 1420], [1224, 1421], [1224, 1422], [1223, 1423], [1223, 1424], [1222, 1425], [1222, 1427], [1221, 1428], [1221, 1429], [1220, 1430], [1220, 1434], [1219, 1435], [1219, 1438], [1218, 1439], [1218, 1441], [1217, 1442], [1217, 1446], [1218, 1447], [1218, 1450], [1219, 1451], [1219, 1454], [1220, 1455], [1220, 1458], [1223, 1461], [1223, 1462], [1229, 1468], [1229, 1469], [1234, 1474], [1235, 1474], [1243, 1482], [1243, 1483], [1246, 1486], [1246, 1487], [1248, 1489], [1248, 1490], [1253, 1495], [1253, 1496], [1255, 1498], [1255, 1499], [1258, 1502], [1258, 1503], [1261, 1506], [1261, 1507], [1263, 1509], [1263, 1510], [1265, 1512], [1265, 1513], [1267, 1515], [1267, 1516], [1270, 1519], [1270, 1520], [1272, 1522], [1272, 1523], [1274, 1525], [1274, 1526], [1276, 1528], [1276, 1529], [1278, 1531], [1278, 1532], [1280, 1534], [1280, 1535], [1282, 1537], [1282, 1538], [1284, 1540], [1284, 1541], [1285, 1542], [1285, 1543], [1287, 1545], [1287, 1546], [1289, 1548], [1289, 1549], [1290, 1550], [1290, 1551], [1292, 1553], [1292, 1554], [1293, 1555], [1293, 1556], [1295, 1558], [1295, 1559], [1297, 1561], [1297, 1562], [1303, 1568], [1304, 1568], [1306, 1570], [1308, 1570], [1309, 1571], [1311, 1571], [1312, 1572], [1316, 1572], [1317, 1573], [1324, 1573], [1325, 1574], [1332, 1574], [1333, 1575], [1339, 1575], [1340, 1576], [1345, 1576], [1346, 1577], [1348, 1577], [1355, 1584], [1356, 1584], [1358, 1586], [1359, 1586], [1361, 1588], [1362, 1588], [1366, 1592], [1366, 1593], [1368, 1595], [1368, 1596], [1370, 1598], [1371, 1598], [1373, 1600], [1374, 1600], [1379, 1605], [1379, 1606], [1380, 1607], [1380, 1608], [1381, 1609], [1381, 1610], [1389, 1618], [1389, 1619], [1391, 1621], [1391, 1622], [1392, 1623], [1392, 1624], [1393, 1625], [1393, 1626], [1396, 1629], [1396, 1630], [1403, 1637], [1403, 1638], [1410, 1645], [1411, 1645], [1412, 1646], [1413, 1646], [1414, 1647], [1416, 1647], [1417, 1648], [1419, 1648], [1420, 1649], [1422, 1649], [1423, 1650], [1426, 1650], [1427, 1651], [1430, 1651], [1431, 1652], [1435, 1652], [1436, 1653], [1441, 1653], [1442, 1654], [1448, 1654], [1449, 1655], [1455, 1655], [1456, 1656], [1462, 1656], [1463, 1657], [1468, 1657], [1469, 1658], [1487, 1658], [1488, 1657], [1491, 1657], [1492, 1656], [1494, 1656], [1495, 1655], [1497, 1655], [1499, 1653], [1500, 1653], [1502, 1651], [1503, 1651], [1506, 1648], [1506, 1634], [1507, 1633], [1507, 1631], [1508, 1630], [1508, 1628], [1509, 1627], [1509, 1624], [1510, 1623], [1510, 1619], [1511, 1618], [1511, 1610], [1512, 1609], [1512, 1603], [1513, 1602], [1513, 1597], [1514, 1596], [1514, 1592], [1515, 1591], [1515, 1589], [1516, 1588], [1516, 1586], [1517, 1585], [1517, 1582], [1518, 1581], [1518, 1580], [1519, 1579], [1519, 1578], [1521, 1576], [1521, 1575], [1522, 1574], [1522, 1573], [1523, 1572], [1523, 1571], [1524, 1570], [1524, 1569], [1525, 1568], [1525, 1567], [1526, 1566], [1526, 1565], [1527, 1564], [1527, 1563], [1534, 1556], [1534, 1555], [1536, 1553], [1536, 1552], [1537, 1551], [1537, 1550], [1538, 1549], [1538, 1548], [1539, 1547], [1539, 1546], [1541, 1544], [1541, 1543], [1542, 1542], [1542, 1541], [1543, 1540], [1543, 1536], [1544, 1535], [1544, 1531], [1545, 1530], [1545, 1516], [1544, 1515], [1544, 1511], [1543, 1510], [1543, 1509], [1541, 1507], [1541, 1506], [1533, 1498], [1533, 1496], [1532, 1495], [1532, 1492], [1531, 1491], [1530, 1491], [1529, 1490], [1526, 1490], [1525, 1489], [1521, 1489], [1516, 1484], [1516, 1482], [1515, 1481], [1515, 1480], [1514, 1479], [1514, 1478], [1512, 1476], [1512, 1475], [1509, 1472], [1509, 1468], [1510, 1467], [1510, 1461], [1511, 1460], [1511, 1457], [1510, 1456], [1510, 1455], [1509, 1454], [1509, 1453], [1504, 1448], [1503, 1448], [1502, 1447], [1501, 1447], [1500, 1446], [1499, 1446], [1498, 1445], [1497, 1445], [1496, 1444], [1496, 1442], [1498, 1440], [1498, 1439], [1505, 1432], [1506, 1432], [1507, 1431], [1507, 1430], [1505, 1428], [1504, 1428], [1503, 1427], [1500, 1427], [1499, 1426], [1497, 1426], [1496, 1425], [1496, 1422], [1495, 1421], [1495, 1403], [1494, 1402], [1494, 1399], [1493, 1398], [1493, 1395], [1492, 1394], [1492, 1391], [1491, 1390], [1491, 1379], [1490, 1378], [1490, 1375], [1489, 1374], [1489, 1373], [1488, 1372], [1488, 1370], [1487, 1369], [1487, 1368], [1486, 1367], [1486, 1366], [1485, 1365], [1485, 1364], [1484, 1363], [1484, 1362], [1480, 1358], [1480, 1357], [1478, 1355], [1478, 1354], [1476, 1352], [1476, 1351], [1475, 1350], [1475, 1349], [1470, 1344], [1469, 1344], [1466, 1341], [1465, 1341], [1462, 1338], [1461, 1338], [1458, 1335], [1457, 1335], [1453, 1331], [1452, 1331], [1450, 1329], [1449, 1329], [1448, 1328], [1447, 1328], [1445, 1326], [1444, 1326], [1441, 1323], [1440, 1323], [1438, 1321], [1437, 1321], [1435, 1319], [1434, 1319], [1433, 1318], [1432, 1318], [1430, 1316], [1429, 1316], [1427, 1314], [1426, 1314], [1424, 1312], [1423, 1312], [1422, 1311], [1420, 1311], [1419, 1310], [1417, 1310], [1416, 1309], [1413, 1309], [1412, 1308], [1407, 1308], [1406, 1307], [1400, 1307], [1399, 1306], [1378, 1306], [1377, 1305]]","[[1412, 1718], [1186, 1412], [1403, 1252], [1629, 1557]]",0.9865943,pixels
23,MHR.7997.jpg,autozooid,457.5284423828125,496.033935546875,142508.0,1631.6753103733063,0.9063722341298361,0.6726383504614724,0.8595004179328807,468.4616394042969,402.6429748535156,-67.67467498779297,1031,1678,0.1736385911188702,0.001296928098262382,0.0006574546072290034,5.391868430534195e-07,-1.0147130993657627e-11,-5.1123833498874905e-09,3.0690167082891045e-13,"[[1020, 1444], [1019, 1445], [1015, 1445], [1014, 1446], [1011, 1446], [1010, 1447], [1007, 1447], [1004, 1450], [1004, 1462], [1003, 1463], [1003, 1468], [1004, 1469], [1004, 1472], [1005, 1473], [1005, 1475], [1006, 1476], [1006, 1478], [1007, 1479], [1007, 1480], [1008, 1481], [1008, 1482], [1009, 1483], [1009, 1485], [999, 1495], [999, 1496], [988, 1507], [987, 1507], [985, 1509], [984, 1509], [982, 1511], [981, 1511], [980, 1512], [979, 1512], [978, 1513], [977, 1513], [976, 1514], [975, 1514], [973, 1516], [972, 1516], [961, 1527], [960, 1527], [959, 1528], [958, 1528], [956, 1530], [955, 1530], [949, 1536], [949, 1537], [947, 1539], [947, 1540], [942, 1545], [941, 1545], [940, 1546], [939, 1546], [938, 1547], [937, 1547], [935, 1549], [934, 1549], [931, 1552], [930, 1552], [923, 1559], [922, 1559], [921, 1560], [920, 1560], [919, 1561], [918, 1561], [917, 1562], [916, 1562], [915, 1563], [913, 1563], [912, 1564], [909, 1564], [908, 1565], [904, 1565], [903, 1566], [898, 1566], [897, 1567], [893, 1567], [892, 1568], [890, 1568], [889, 1569], [888, 1569], [887, 1570], [886, 1570], [885, 1571], [884, 1571], [882, 1573], [881, 1573], [877, 1577], [876, 1577], [874, 1579], [873, 1579], [871, 1581], [870, 1581], [867, 1584], [866, 1584], [861, 1589], [860, 1589], [858, 1591], [858, 1592], [855, 1595], [855, 1596], [853, 1598], [853, 1599], [850, 1602], [850, 1603], [847, 1606], [847, 1607], [844, 1610], [844, 1611], [839, 1616], [839, 1617], [837, 1619], [837, 1620], [836, 1621], [836, 1622], [834, 1624], [834, 1626], [833, 1627], [833, 1628], [832, 1629], [832, 1630], [830, 1632], [830, 1633], [824, 1639], [824, 1640], [822, 1642], [822, 1643], [821, 1644], [821, 1645], [820, 1646], [820, 1647], [819, 1648], [819, 1649], [817, 1651], [817, 1652], [815, 1654], [815, 1655], [808, 1662], [808, 1663], [805, 1666], [805, 1667], [803, 1669], [803, 1670], [802, 1671], [802, 1672], [800, 1674], [800, 1675], [799, 1676], [799, 1677], [798, 1678], [798, 1679], [797, 1680], [797, 1681], [796, 1682], [796, 1683], [794, 1685], [794, 1686], [793, 1687], [793, 1688], [792, 1689], [792, 1690], [791, 1691], [791, 1692], [790, 1693], [790, 1695], [789, 1696], [789, 1701], [788, 1702], [788, 1710], [787, 1711], [787, 1733], [788, 1734], [788, 1740], [789, 1741], [789, 1746], [790, 1747], [790, 1751], [792, 1753], [792, 1754], [798, 1760], [798, 1761], [800, 1763], [800, 1764], [801, 1765], [801, 1766], [802, 1767], [802, 1769], [803, 1770], [803, 1771], [804, 1772], [804, 1773], [806, 1775], [806, 1776], [809, 1779], [809, 1780], [814, 1785], [814, 1786], [815, 1787], [815, 1788], [816, 1789], [816, 1790], [817, 1791], [817, 1793], [818, 1794], [818, 1795], [819, 1796], [819, 1798], [820, 1799], [820, 1801], [821, 1802], [821, 1804], [822, 1805], [822, 1807], [823, 1808], [823, 1809], [824, 1810], [824, 1811], [826, 1813], [826, 1814], [829, 1817], [829, 1818], [830, 1819], [830, 1820], [832, 1822], [832, 1823], [833, 1824], [833, 1825], [834, 1826], [834, 1827], [835, 1828], [835, 1829], [837, 1831], [837, 1832], [839, 1834], [839, 1835], [841, 1837], [841, 1838], [843, 1840], [845, 1838], [846, 1838], [847, 1837], [848, 1837], [849, 1836], [850, 1836], [851, 1835], [852, 1835], [853, 1834], [855, 1834], [856, 1833], [858, 1833], [859, 1832], [866, 1832], [867, 1831], [878, 1831], [879, 1830], [927, 1830], [928, 1831], [934, 1831], [935, 1832], [940, 1832], [941, 1833], [942, 1833], [943, 1834], [944, 1834], [946, 1836], [947, 1836], [954, 1843], [955, 1843], [956, 1844], [957, 1844], [958, 1845], [959, 1845], [960, 1846], [962, 1846], [963, 1847], [964, 1847], [965, 1848], [967, 1848], [968, 1849], [969, 1849], [970, 1850], [972, 1850], [973, 1851], [974, 1851], [981, 1858], [981, 1859], [983, 1861], [984, 1861], [986, 1863], [987, 1863], [988, 1864], [989, 1864], [990, 1865], [991, 1865], [993, 1867], [994, 1867], [997, 1870], [998, 1870], [999, 1871], [999, 1872], [1007, 1880], [1008, 1880], [1010, 1882], [1011, 1882], [1013, 1884], [1014, 1884], [1024, 1894], [1025, 1894], [1027, 1896], [1028, 1896], [1030, 1898], [1031, 1898], [1032, 1899], [1033, 1899], [1034, 1900], [1035, 1900], [1036, 1901], [1038, 1901], [1039, 1902], [1040, 1902], [1042, 1904], [1043, 1904], [1045, 1906], [1046, 1906], [1049, 1909], [1049, 1910], [1052, 1913], [1053, 1913], [1055, 1915], [1057, 1915], [1058, 1916], [1060, 1916], [1061, 1917], [1063, 1917], [1064, 1918], [1066, 1918], [1067, 1919], [1070, 1919], [1071, 1920], [1073, 1920], [1074, 1921], [1075, 1921], [1076, 1922], [1077, 1922], [1080, 1925], [1081, 1925], [1087, 1931], [1089, 1931], [1090, 1932], [1093, 1932], [1094, 1933], [1098, 1933], [1099, 1934], [1110, 1934], [1111, 1933], [1117, 1933], [1118, 1932], [1121, 1932], [1122, 1931], [1123, 1931], [1124, 1930], [1125, 1930], [1126, 1929], [1127, 1929], [1129, 1927], [1129, 1926], [1130, 1925], [1130, 1922], [1131, 1921], [1131, 1919], [1132, 1918], [1132, 1915], [1133, 1914], [1133, 1910], [1134, 1909], [1134, 1908], [1135, 1907], [1135, 1906], [1136, 1905], [1136, 1904], [1137, 1903], [1137, 1902], [1138, 1901], [1138, 1899], [1139, 1898], [1139, 1897], [1140, 1896], [1140, 1894], [1141, 1893], [1141, 1890], [1142, 1889], [1142, 1885], [1143, 1884], [1143, 1880], [1144, 1879], [1144, 1875], [1145, 1874], [1145, 1870], [1146, 1869], [1146, 1867], [1147, 1866], [1147, 1864], [1148, 1863], [1148, 1862], [1149, 1861], [1149, 1860], [1151, 1858], [1151, 1857], [1152, 1856], [1152, 1855], [1153, 1854], [1153, 1851], [1154, 1850], [1154, 1847], [1155, 1846], [1155, 1843], [1156, 1842], [1156, 1839], [1157, 1838], [1157, 1834], [1158, 1833], [1158, 1830], [1159, 1829], [1159, 1826], [1160, 1825], [1160, 1822], [1161, 1821], [1161, 1818], [1162, 1817], [1162, 1814], [1163, 1813], [1163, 1810], [1164, 1809], [1164, 1806], [1165, 1805], [1165, 1800], [1166, 1799], [1166, 1794], [1167, 1793], [1167, 1788], [1168, 1787], [1168, 1785], [1169, 1784], [1169, 1782], [1170, 1781], [1170, 1778], [1171, 1777], [1171, 1774], [1172, 1773], [1172, 1769], [1173, 1768], [1173, 1759], [1174, 1758], [1174, 1751], [1175, 1750], [1175, 1748], [1176, 1747], [1176, 1744], [1177, 1743], [1177, 1741], [1178, 1740], [1178, 1738], [1179, 1737], [1179, 1734], [1180, 1733], [1180, 1732], [1181, 1731], [1181, 1730], [1182, 1729], [1182, 1728], [1184, 1726], [1184, 1725], [1185, 1724], [1185, 1723], [1187, 1721], [1187, 1720], [1188, 1719], [1188, 1718], [1189, 1717], [1189, 1716], [1190, 1715], [1190, 1714], [1191, 1713], [1191, 1712], [1192, 1711], [1192, 1710], [1193, 1709], [1193, 1708], [1194, 1707], [1194, 1706], [1195, 1705], [1195, 1704], [1197, 1702], [1197, 1701], [1199, 1699], [1199, 1698], [1201, 1696], [1201, 1695], [1203, 1693], [1203, 1692], [1205, 1690], [1205, 1689], [1207, 1687], [1207, 1686], [1210, 1683], [1210, 1682], [1217, 1675], [1218, 1675], [1219, 1674], [1220, 1674], [1222, 1672], [1223, 1672], [1224, 1671], [1225, 1671], [1226, 1670], [1227, 1670], [1228, 1669], [1229, 1669], [1230, 1668], [1231, 1668], [1232, 1667], [1234, 1667], [1237, 1664], [1237, 1663], [1238, 1662], [1238, 1658], [1239, 1657], [1239, 1651], [1240, 1650], [1240, 1638], [1241, 1637], [1241, 1615], [1240, 1614], [1240, 1584], [1239, 1583], [1239, 1577], [1238, 1576], [1238, 1545], [1237, 1544], [1237, 1520], [1236, 1519], [1236, 1514], [1235, 1513], [1235, 1509], [1230, 1504], [1230, 1503], [1229, 1503], [1227, 1501], [1226, 1501], [1224, 1499], [1223, 1499], [1219, 1495], [1218, 1495], [1216, 1493], [1215, 1493], [1211, 1489], [1211, 1488], [1210, 1487], [1210, 1486], [1208, 1484], [1207, 1484], [1206, 1483], [1205, 1483], [1204, 1482], [1203, 1482], [1202, 1481], [1187, 1481], [1186, 1480], [1185, 1481], [1178, 1481], [1177, 1482], [1174, 1482], [1173, 1483], [1172, 1483], [1171, 1484], [1169, 1484], [1168, 1485], [1165, 1485], [1164, 1486], [1163, 1486], [1162, 1487], [1161, 1487], [1160, 1488], [1158, 1488], [1157, 1489], [1153, 1489], [1152, 1488], [1152, 1487], [1151, 1486], [1151, 1485], [1150, 1484], [1150, 1483], [1148, 1481], [1148, 1480], [1147, 1479], [1147, 1478], [1146, 1477], [1146, 1476], [1144, 1474], [1144, 1473], [1143, 1472], [1143, 1471], [1142, 1470], [1142, 1469], [1140, 1467], [1140, 1466], [1139, 1465], [1139, 1464], [1137, 1462], [1133, 1462], [1132, 1463], [1130, 1463], [1129, 1464], [1127, 1464], [1126, 1465], [1125, 1465], [1124, 1466], [1123, 1466], [1122, 1467], [1121, 1467], [1119, 1465], [1119, 1463], [1118, 1462], [1118, 1461], [1117, 1460], [1117, 1458], [1116, 1457], [1116, 1456], [1115, 1455], [1115, 1453], [1114, 1452], [1114, 1451], [1113, 1450], [1112, 1450], [1111, 1449], [1109, 1449], [1108, 1448], [1104, 1448], [1103, 1447], [1080, 1447], [1079, 1446], [1053, 1446], [1052, 1445], [1045, 1445], [1044, 1444]]","[[1118, 1953], [745, 1800], [923, 1366], [1296, 1519]]",0.97512233,pixels
24,MHR.7997.jpg,autozooid,324.1402587890625,410.9029541015625,73094.5,1121.584911942482,0.9623332082600997,0.730180527566573,0.637490109991305,389.7236328125,248.44496154785156,-17.39332389831543,1189,1235,0.1812172753324483,0.005018058712314869,0.0006754355451040045,2.3830473016742715e-05,-2.9078123727757337e-09,-1.6434264271754032e-06,-8.27875994609839e-10,"[[1210, 1065], [1209, 1066], [1204, 1066], [1203, 1067], [1200, 1067], [1199, 1068], [1196, 1068], [1195, 1069], [1193, 1069], [1192, 1070], [1190, 1070], [1188, 1072], [1187, 1072], [1186, 1073], [1185, 1073], [1184, 1074], [1182, 1074], [1181, 1075], [1179, 1075], [1178, 1076], [1155, 1076], [1154, 1075], [1151, 1075], [1150, 1074], [1146, 1074], [1145, 1073], [1143, 1073], [1142, 1072], [1141, 1072], [1140, 1071], [1139, 1071], [1138, 1070], [1136, 1070], [1135, 1069], [1131, 1069], [1130, 1068], [1120, 1068], [1119, 1067], [1111, 1067], [1110, 1066], [1109, 1066], [1108, 1067], [1094, 1067], [1093, 1068], [1086, 1068], [1085, 1069], [1082, 1069], [1081, 1070], [1078, 1070], [1077, 1071], [1075, 1071], [1071, 1075], [1070, 1075], [1068, 1077], [1067, 1077], [1066, 1078], [1065, 1078], [1064, 1079], [1063, 1079], [1062, 1080], [1061, 1080], [1059, 1082], [1058, 1082], [1052, 1088], [1052, 1089], [1051, 1090], [1051, 1092], [1050, 1093], [1050, 1094], [1049, 1095], [1049, 1098], [1048, 1099], [1048, 1114], [1047, 1115], [1047, 1116], [1048, 1117], [1048, 1134], [1049, 1135], [1049, 1138], [1050, 1139], [1050, 1142], [1051, 1143], [1051, 1146], [1052, 1147], [1052, 1151], [1053, 1152], [1053, 1153], [1054, 1154], [1054, 1155], [1055, 1156], [1055, 1157], [1056, 1158], [1056, 1159], [1070, 1173], [1071, 1173], [1072, 1174], [1072, 1178], [1073, 1179], [1073, 1183], [1074, 1184], [1074, 1187], [1075, 1188], [1075, 1190], [1076, 1191], [1076, 1196], [1077, 1197], [1077, 1200], [1078, 1201], [1078, 1215], [1077, 1216], [1077, 1218], [1078, 1219], [1078, 1220], [1079, 1221], [1079, 1222], [1080, 1223], [1080, 1224], [1081, 1225], [1081, 1227], [1082, 1228], [1082, 1231], [1083, 1232], [1083, 1254], [1084, 1255], [1084, 1264], [1085, 1265], [1085, 1268], [1086, 1269], [1086, 1272], [1087, 1273], [1087, 1275], [1088, 1276], [1088, 1278], [1089, 1279], [1089, 1282], [1090, 1283], [1090, 1285], [1091, 1286], [1091, 1290], [1092, 1291], [1092, 1294], [1093, 1295], [1093, 1297], [1094, 1298], [1094, 1300], [1095, 1301], [1095, 1303], [1096, 1304], [1096, 1306], [1097, 1307], [1097, 1308], [1098, 1309], [1098, 1310], [1099, 1311], [1099, 1312], [1100, 1313], [1100, 1314], [1101, 1315], [1101, 1316], [1102, 1317], [1102, 1318], [1103, 1319], [1103, 1322], [1104, 1323], [1104, 1326], [1105, 1327], [1105, 1329], [1106, 1330], [1106, 1333], [1107, 1334], [1107, 1336], [1108, 1337], [1108, 1339], [1109, 1340], [1109, 1341], [1110, 1342], [1110, 1343], [1111, 1344], [1111, 1345], [1112, 1346], [1112, 1348], [1113, 1349], [1113, 1352], [1114, 1353], [1114, 1356], [1115, 1357], [1115, 1361], [1116, 1362], [1116, 1367], [1117, 1368], [1117, 1372], [1118, 1373], [1118, 1377], [1119, 1378], [1119, 1380], [1120, 1381], [1120, 1383], [1121, 1384], [1121, 1385], [1122, 1386], [1122, 1387], [1123, 1388], [1123, 1389], [1124, 1390], [1124, 1391], [1125, 1392], [1125, 1394], [1126, 1395], [1126, 1396], [1127, 1397], [1127, 1398], [1129, 1400], [1129, 1401], [1131, 1403], [1131, 1404], [1144, 1417], [1145, 1417], [1152, 1424], [1153, 1424], [1157, 1428], [1158, 1428], [1160, 1430], [1161, 1430], [1164, 1433], [1164, 1434], [1167, 1437], [1167, 1438], [1168, 1439], [1171, 1439], [1172, 1440], [1173, 1440], [1174, 1441], [1176, 1441], [1178, 1443], [1191, 1443], [1193, 1441], [1194, 1441], [1199, 1436], [1200, 1436], [1203, 1433], [1204, 1433], [1205, 1432], [1206, 1432], [1207, 1431], [1208, 1431], [1209, 1430], [1211, 1430], [1212, 1429], [1214, 1429], [1215, 1428], [1216, 1428], [1218, 1426], [1219, 1426], [1220, 1425], [1221, 1425], [1223, 1423], [1224, 1423], [1225, 1422], [1225, 1421], [1226, 1420], [1227, 1420], [1230, 1417], [1231, 1417], [1232, 1416], [1233, 1416], [1234, 1415], [1235, 1415], [1236, 1414], [1237, 1414], [1243, 1408], [1243, 1407], [1245, 1405], [1245, 1404], [1247, 1402], [1247, 1401], [1249, 1399], [1249, 1398], [1250, 1397], [1250, 1396], [1251, 1395], [1251, 1394], [1252, 1393], [1252, 1391], [1253, 1390], [1253, 1389], [1254, 1388], [1254, 1387], [1255, 1386], [1255, 1385], [1256, 1384], [1256, 1383], [1258, 1381], [1258, 1380], [1260, 1378], [1260, 1376], [1261, 1375], [1261, 1373], [1262, 1372], [1262, 1371], [1263, 1370], [1263, 1367], [1264, 1366], [1264, 1365], [1270, 1359], [1270, 1358], [1273, 1355], [1273, 1354], [1275, 1352], [1275, 1351], [1278, 1348], [1278, 1347], [1281, 1344], [1281, 1343], [1283, 1341], [1283, 1340], [1286, 1337], [1286, 1336], [1295, 1327], [1296, 1327], [1301, 1322], [1302, 1322], [1305, 1319], [1305, 1318], [1322, 1301], [1323, 1301], [1327, 1297], [1328, 1297], [1333, 1292], [1333, 1289], [1334, 1288], [1334, 1275], [1335, 1274], [1335, 1272], [1336, 1271], [1336, 1269], [1337, 1268], [1337, 1266], [1338, 1265], [1338, 1251], [1337, 1250], [1337, 1245], [1336, 1244], [1336, 1243], [1335, 1242], [1335, 1240], [1334, 1239], [1334, 1237], [1333, 1236], [1333, 1233], [1331, 1231], [1331, 1230], [1329, 1228], [1329, 1227], [1327, 1225], [1327, 1224], [1326, 1223], [1326, 1222], [1325, 1221], [1325, 1219], [1324, 1218], [1324, 1217], [1323, 1216], [1323, 1214], [1322, 1213], [1322, 1212], [1321, 1211], [1321, 1210], [1320, 1209], [1320, 1208], [1319, 1207], [1319, 1206], [1318, 1205], [1318, 1204], [1317, 1203], [1317, 1202], [1316, 1201], [1316, 1200], [1315, 1199], [1315, 1198], [1314, 1197], [1314, 1196], [1313, 1195], [1313, 1193], [1312, 1192], [1312, 1190], [1311, 1189], [1311, 1187], [1308, 1184], [1308, 1183], [1303, 1178], [1303, 1177], [1301, 1175], [1301, 1173], [1300, 1172], [1300, 1170], [1299, 1169], [1299, 1167], [1298, 1166], [1298, 1165], [1297, 1164], [1297, 1163], [1296, 1162], [1296, 1161], [1293, 1158], [1293, 1157], [1291, 1155], [1291, 1154], [1290, 1153], [1290, 1152], [1288, 1150], [1288, 1149], [1287, 1148], [1287, 1146], [1286, 1145], [1286, 1144], [1279, 1137], [1279, 1136], [1277, 1134], [1277, 1133], [1276, 1132], [1276, 1131], [1275, 1130], [1275, 1129], [1274, 1128], [1274, 1127], [1267, 1120], [1267, 1119], [1266, 1118], [1266, 1116], [1265, 1115], [1265, 1114], [1264, 1113], [1264, 1112], [1256, 1104], [1256, 1103], [1255, 1102], [1255, 1101], [1254, 1100], [1254, 1099], [1253, 1098], [1253, 1097], [1252, 1096], [1252, 1095], [1244, 1087], [1244, 1086], [1243, 1085], [1243, 1084], [1242, 1083], [1242, 1082], [1237, 1077], [1236, 1077], [1231, 1072], [1231, 1071], [1226, 1066], [1222, 1066], [1221, 1065]]","[[1143, 1457], [1026, 1086], [1263, 1011], [1380, 1383]]",0.96513355,pixels
25,MHR.7997.jpg,autozooid,303.6533203125,277.9384765625,38425.5,1007.8792850971222,0.7809426062921714,0.475348746316736,0.6824374052534695,324.673828125,221.56956481933594,-42.76882553100586,218,745,0.20987269542781994,0.0044891786909302105,0.0029676993316118503,0.0003965628636498436,1.942173328483594e-07,-7.71149805737993e-06,-3.838725707896298e-07,"[[218, 624], [217, 625], [214, 625], [213, 626], [211, 626], [210, 627], [209, 627], [208, 628], [206, 628], [201, 633], [200, 633], [198, 635], [197, 635], [196, 636], [195, 636], [194, 637], [193, 637], [191, 639], [190, 639], [185, 644], [184, 644], [183, 645], [182, 645], [180, 647], [179, 647], [174, 652], [173, 652], [172, 653], [171, 653], [170, 654], [169, 654], [167, 656], [166, 656], [165, 657], [164, 657], [162, 659], [161, 659], [156, 664], [155, 664], [153, 666], [152, 666], [151, 667], [150, 667], [149, 668], [148, 668], [147, 669], [146, 669], [143, 672], [142, 672], [141, 673], [140, 673], [139, 674], [138, 674], [137, 675], [135, 675], [134, 676], [133, 676], [131, 678], [130, 678], [127, 681], [127, 682], [126, 683], [126, 684], [125, 685], [125, 687], [124, 688], [124, 689], [123, 690], [123, 692], [122, 693], [122, 695], [121, 696], [121, 698], [120, 699], [120, 702], [119, 703], [119, 710], [118, 711], [118, 714], [119, 715], [119, 726], [118, 727], [118, 733], [119, 734], [119, 750], [120, 751], [120, 755], [121, 756], [121, 759], [122, 760], [122, 769], [123, 770], [123, 779], [124, 780], [124, 812], [125, 813], [125, 852], [124, 853], [124, 865], [123, 866], [123, 881], [125, 883], [125, 884], [128, 887], [129, 887], [130, 888], [132, 888], [133, 887], [134, 887], [135, 886], [137, 886], [138, 885], [140, 885], [141, 884], [143, 884], [144, 883], [145, 883], [146, 882], [147, 882], [148, 881], [149, 881], [151, 879], [152, 879], [154, 877], [155, 877], [156, 876], [157, 876], [158, 875], [159, 875], [160, 874], [161, 874], [162, 873], [163, 873], [164, 872], [165, 872], [166, 871], [167, 871], [168, 870], [169, 870], [171, 868], [172, 868], [173, 867], [174, 867], [175, 866], [176, 866], [177, 865], [179, 865], [180, 864], [181, 864], [182, 863], [183, 863], [184, 862], [186, 862], [187, 861], [191, 861], [192, 860], [196, 860], [197, 859], [201, 859], [202, 858], [206, 858], [207, 857], [215, 857], [216, 856], [222, 856], [223, 855], [228, 855], [229, 854], [240, 854], [241, 853], [248, 853], [249, 852], [256, 852], [257, 851], [262, 851], [263, 850], [265, 850], [266, 849], [267, 849], [268, 848], [270, 848], [272, 846], [273, 846], [275, 844], [276, 844], [278, 842], [279, 842], [281, 840], [277, 836], [277, 835], [275, 833], [275, 832], [274, 831], [274, 830], [273, 829], [273, 827], [272, 826], [272, 824], [271, 823], [271, 822], [270, 821], [270, 819], [268, 817], [268, 816], [266, 814], [266, 813], [265, 812], [265, 811], [264, 810], [264, 804], [263, 803], [263, 799], [262, 798], [262, 797], [260, 795], [260, 794], [258, 792], [258, 762], [259, 761], [259, 759], [260, 758], [260, 756], [261, 755], [261, 754], [262, 753], [262, 751], [266, 747], [267, 747], [270, 744], [271, 744], [272, 743], [273, 743], [277, 739], [277, 738], [280, 735], [281, 735], [283, 733], [288, 733], [289, 732], [295, 732], [296, 731], [298, 731], [299, 730], [302, 730], [303, 729], [305, 729], [306, 730], [307, 730], [309, 732], [310, 732], [311, 733], [312, 733], [314, 735], [328, 735], [329, 734], [332, 734], [333, 733], [335, 733], [336, 732], [339, 732], [340, 733], [344, 733], [345, 734], [351, 734], [352, 735], [358, 735], [359, 736], [372, 736], [373, 737], [378, 737], [379, 738], [391, 738], [391, 737], [395, 733], [396, 733], [398, 731], [399, 731], [399, 730], [400, 729], [400, 727], [401, 726], [401, 724], [402, 723], [402, 719], [403, 718], [403, 714], [404, 713], [404, 711], [403, 710], [403, 709], [402, 708], [402, 707], [400, 705], [400, 704], [398, 702], [398, 701], [397, 701], [395, 699], [394, 699], [393, 698], [392, 698], [391, 697], [389, 697], [388, 696], [387, 696], [386, 695], [384, 695], [383, 694], [381, 694], [380, 693], [367, 693], [366, 692], [364, 692], [363, 691], [360, 691], [359, 690], [351, 690], [350, 689], [344, 689], [343, 688], [339, 688], [338, 687], [334, 687], [333, 686], [329, 686], [328, 685], [325, 685], [324, 684], [323, 684], [322, 683], [321, 683], [320, 682], [319, 682], [317, 680], [315, 680], [314, 679], [313, 679], [312, 678], [310, 678], [309, 677], [307, 677], [306, 676], [304, 676], [303, 675], [302, 675], [301, 674], [300, 674], [299, 673], [298, 673], [296, 671], [295, 671], [294, 670], [293, 670], [291, 668], [290, 668], [288, 666], [287, 666], [286, 665], [285, 665], [282, 662], [281, 662], [277, 658], [276, 658], [273, 655], [272, 655], [263, 646], [262, 646], [259, 643], [258, 643], [257, 642], [257, 641], [254, 638], [253, 638], [250, 635], [249, 635], [243, 629], [242, 629], [240, 627], [238, 627], [237, 626], [234, 626], [233, 625], [231, 625], [230, 624]]","[[175, 938], [24, 775], [262, 555], [413, 717]]",0.9367872,pixels
26,MHR.7997.jpg,autozooid,379.324462890625,346.138427734375,82747.5,1375.7859206199646,0.8743396027049873,0.5493675768542265,0.8516043623157177,364.6873474121094,310.5693359375,-89.62055969238281,1410,1796,0.17393096171156489,0.0026722339199294555,6.321921326879739e-05,3.7455198677142425e-06,4.921866942461612e-11,1.6646217189285448e-07,2.999022782875928e-11,"[[1425, 1650], [1424, 1651], [1420, 1651], [1419, 1652], [1414, 1652], [1413, 1653], [1412, 1653], [1411, 1654], [1410, 1654], [1409, 1655], [1408, 1655], [1407, 1656], [1406, 1656], [1405, 1657], [1404, 1657], [1394, 1667], [1394, 1668], [1393, 1669], [1393, 1670], [1391, 1672], [1391, 1673], [1390, 1674], [1390, 1675], [1382, 1683], [1382, 1684], [1380, 1686], [1380, 1687], [1375, 1692], [1375, 1693], [1374, 1694], [1373, 1694], [1372, 1693], [1371, 1693], [1370, 1692], [1369, 1692], [1368, 1691], [1366, 1691], [1365, 1690], [1363, 1690], [1362, 1689], [1356, 1689], [1355, 1688], [1314, 1688], [1313, 1689], [1288, 1689], [1287, 1688], [1284, 1688], [1283, 1687], [1280, 1687], [1279, 1686], [1277, 1686], [1276, 1687], [1271, 1687], [1270, 1688], [1263, 1688], [1262, 1687], [1261, 1687], [1260, 1686], [1259, 1686], [1257, 1684], [1257, 1683], [1254, 1680], [1254, 1679], [1252, 1677], [1251, 1677], [1250, 1678], [1249, 1678], [1247, 1680], [1246, 1680], [1244, 1682], [1243, 1682], [1242, 1683], [1240, 1683], [1239, 1684], [1238, 1684], [1238, 1686], [1237, 1687], [1237, 1690], [1236, 1691], [1236, 1694], [1235, 1695], [1235, 1704], [1234, 1705], [1234, 1736], [1235, 1737], [1235, 1750], [1236, 1751], [1236, 1757], [1237, 1758], [1237, 1760], [1236, 1761], [1236, 1770], [1235, 1771], [1235, 1772], [1236, 1773], [1236, 1786], [1237, 1787], [1237, 1803], [1238, 1804], [1238, 1809], [1237, 1810], [1237, 1817], [1236, 1818], [1236, 1834], [1235, 1835], [1235, 1840], [1234, 1841], [1234, 1855], [1233, 1856], [1233, 1858], [1234, 1859], [1234, 1885], [1235, 1886], [1235, 1890], [1236, 1891], [1236, 1894], [1237, 1895], [1236, 1896], [1236, 1910], [1237, 1911], [1237, 1914], [1238, 1915], [1238, 1918], [1240, 1918], [1241, 1917], [1247, 1917], [1248, 1916], [1253, 1916], [1254, 1917], [1255, 1917], [1258, 1920], [1258, 1921], [1259, 1922], [1259, 1923], [1265, 1929], [1267, 1927], [1267, 1926], [1268, 1925], [1268, 1924], [1269, 1923], [1269, 1921], [1270, 1920], [1270, 1910], [1271, 1909], [1271, 1907], [1272, 1906], [1272, 1905], [1274, 1903], [1274, 1902], [1276, 1900], [1276, 1899], [1277, 1898], [1277, 1897], [1278, 1896], [1278, 1895], [1280, 1893], [1281, 1893], [1282, 1892], [1283, 1892], [1284, 1891], [1286, 1891], [1287, 1890], [1296, 1890], [1297, 1891], [1300, 1891], [1301, 1892], [1304, 1892], [1305, 1893], [1306, 1893], [1308, 1891], [1308, 1890], [1309, 1889], [1309, 1887], [1310, 1886], [1310, 1883], [1311, 1882], [1311, 1881], [1316, 1876], [1317, 1876], [1318, 1875], [1319, 1875], [1323, 1879], [1323, 1880], [1325, 1882], [1325, 1886], [1326, 1887], [1326, 1888], [1327, 1889], [1327, 1890], [1329, 1892], [1330, 1892], [1331, 1893], [1333, 1893], [1335, 1895], [1335, 1897], [1336, 1898], [1336, 1899], [1337, 1900], [1337, 1901], [1341, 1905], [1342, 1905], [1343, 1906], [1344, 1906], [1346, 1908], [1346, 1911], [1347, 1912], [1347, 1918], [1348, 1919], [1348, 1925], [1349, 1926], [1349, 1929], [1350, 1930], [1350, 1931], [1351, 1932], [1350, 1933], [1350, 1934], [1349, 1935], [1348, 1935], [1347, 1936], [1346, 1936], [1344, 1938], [1343, 1938], [1337, 1944], [1346, 1953], [1347, 1953], [1347, 1952], [1348, 1951], [1348, 1950], [1350, 1948], [1350, 1947], [1352, 1945], [1352, 1942], [1353, 1941], [1353, 1940], [1356, 1937], [1359, 1937], [1362, 1934], [1363, 1934], [1365, 1932], [1366, 1932], [1367, 1931], [1370, 1931], [1371, 1930], [1386, 1930], [1387, 1929], [1388, 1930], [1390, 1930], [1391, 1931], [1393, 1931], [1394, 1932], [1396, 1932], [1397, 1933], [1399, 1933], [1400, 1934], [1407, 1934], [1408, 1933], [1415, 1933], [1416, 1934], [1422, 1934], [1423, 1935], [1432, 1935], [1433, 1936], [1449, 1936], [1450, 1935], [1455, 1935], [1456, 1936], [1458, 1936], [1459, 1937], [1460, 1937], [1461, 1938], [1462, 1938], [1463, 1939], [1464, 1939], [1465, 1940], [1466, 1940], [1467, 1941], [1468, 1941], [1469, 1942], [1471, 1942], [1472, 1943], [1473, 1943], [1474, 1944], [1475, 1944], [1477, 1946], [1478, 1946], [1483, 1951], [1484, 1951], [1487, 1954], [1488, 1954], [1495, 1961], [1495, 1960], [1496, 1959], [1496, 1958], [1497, 1957], [1497, 1956], [1499, 1954], [1499, 1953], [1500, 1952], [1500, 1951], [1502, 1949], [1502, 1948], [1504, 1946], [1504, 1945], [1505, 1944], [1505, 1943], [1506, 1942], [1506, 1941], [1507, 1940], [1507, 1939], [1509, 1937], [1509, 1936], [1510, 1935], [1510, 1934], [1511, 1933], [1511, 1932], [1512, 1931], [1512, 1930], [1513, 1929], [1513, 1927], [1514, 1926], [1514, 1925], [1515, 1924], [1515, 1923], [1516, 1922], [1516, 1921], [1517, 1920], [1517, 1919], [1518, 1918], [1518, 1917], [1520, 1915], [1520, 1914], [1523, 1911], [1523, 1910], [1524, 1909], [1524, 1908], [1525, 1907], [1525, 1904], [1526, 1903], [1526, 1900], [1527, 1899], [1527, 1897], [1528, 1896], [1528, 1894], [1530, 1892], [1530, 1891], [1531, 1890], [1531, 1889], [1532, 1888], [1532, 1887], [1533, 1886], [1533, 1885], [1534, 1884], [1534, 1883], [1535, 1882], [1535, 1881], [1537, 1879], [1537, 1878], [1539, 1876], [1539, 1875], [1540, 1874], [1540, 1873], [1541, 1872], [1541, 1871], [1542, 1870], [1542, 1868], [1543, 1867], [1543, 1864], [1544, 1863], [1544, 1861], [1545, 1860], [1545, 1859], [1546, 1858], [1546, 1857], [1550, 1853], [1551, 1853], [1552, 1852], [1554, 1852], [1555, 1851], [1556, 1851], [1557, 1850], [1558, 1850], [1559, 1849], [1560, 1849], [1561, 1848], [1562, 1848], [1563, 1847], [1564, 1847], [1566, 1845], [1567, 1845], [1568, 1844], [1571, 1844], [1572, 1843], [1575, 1843], [1576, 1842], [1577, 1842], [1578, 1841], [1579, 1841], [1583, 1837], [1583, 1836], [1584, 1835], [1584, 1834], [1585, 1833], [1585, 1832], [1586, 1831], [1586, 1829], [1587, 1828], [1587, 1827], [1589, 1825], [1589, 1824], [1591, 1822], [1592, 1822], [1593, 1821], [1594, 1821], [1596, 1819], [1596, 1817], [1597, 1816], [1597, 1811], [1598, 1810], [1598, 1807], [1597, 1806], [1597, 1785], [1598, 1784], [1598, 1736], [1597, 1735], [1597, 1730], [1596, 1729], [1596, 1725], [1595, 1724], [1595, 1722], [1594, 1721], [1594, 1720], [1592, 1718], [1592, 1717], [1589, 1714], [1588, 1714], [1586, 1712], [1585, 1712], [1581, 1708], [1580, 1708], [1578, 1706], [1577, 1706], [1576, 1705], [1575, 1705], [1574, 1704], [1573, 1704], [1572, 1703], [1571, 1703], [1570, 1702], [1569, 1702], [1568, 1701], [1566, 1701], [1565, 1700], [1563, 1700], [1562, 1699], [1560, 1699], [1559, 1698], [1558, 1698], [1557, 1697], [1556, 1697], [1555, 1696], [1554, 1696], [1553, 1695], [1551, 1695], [1550, 1694], [1549, 1694], [1548, 1693], [1547, 1693], [1546, 1692], [1544, 1692], [1543, 1691], [1542, 1691], [1541, 1690], [1538, 1690], [1537, 1689], [1535, 1689], [1534, 1688], [1531, 1688], [1530, 1687], [1527, 1687], [1526, 1686], [1523, 1686], [1520, 1683], [1519, 1683], [1517, 1681], [1516, 1681], [1515, 1680], [1514, 1680], [1513, 1679], [1512, 1679], [1511, 1678], [1509, 1678], [1508, 1677], [1507, 1677], [1506, 1676], [1504, 1676], [1503, 1675], [1502, 1675], [1501, 1674], [1500, 1674], [1499, 1673], [1498, 1673], [1497, 1672], [1496, 1672], [1494, 1670], [1493, 1670], [1492, 1669], [1491, 1669], [1490, 1668], [1488, 1668], [1487, 1667], [1486, 1667], [1485, 1666], [1483, 1666], [1482, 1665], [1480, 1665], [1479, 1664], [1478, 1664], [1477, 1663], [1476, 1663], [1474, 1661], [1473, 1661], [1471, 1659], [1470, 1659], [1468, 1657], [1466, 1657], [1465, 1656], [1463, 1656], [1462, 1655], [1460, 1655], [1459, 1654], [1456, 1654], [1455, 1653], [1449, 1653], [1448, 1652], [1440, 1652], [1439, 1651], [1432, 1651], [1431, 1650]]","[[1596, 1961], [1232, 1959], [1234, 1648], [1599, 1651]]",0.92811644,pixels
27,MHR.7997.jpg,autozooid,574.9127197265625,428.330322265625,107053.5,1466.6875040531158,0.9234003829765212,0.6253678505889105,0.6893382014526201,445.9168395996094,307.38751220703125,-34.34609603881836,671,2119,0.18153308220668285,0.005119632008026789,0.00016523235140208182,1.5100698730964775e-06,-1.7017226832196365e-11,-9.832154763485438e-08,1.6714659953962473e-11,"[[751, 1948], [750, 1949], [748, 1949], [747, 1950], [745, 1950], [744, 1951], [742, 1951], [741, 1952], [738, 1952], [737, 1953], [734, 1953], [733, 1954], [729, 1954], [728, 1955], [724, 1955], [723, 1956], [720, 1956], [719, 1957], [716, 1957], [715, 1958], [712, 1958], [711, 1959], [710, 1959], [709, 1960], [707, 1960], [706, 1961], [704, 1961], [703, 1962], [700, 1962], [699, 1963], [696, 1963], [695, 1964], [690, 1964], [689, 1965], [681, 1965], [680, 1966], [673, 1966], [672, 1967], [667, 1967], [666, 1968], [663, 1968], [662, 1969], [660, 1969], [659, 1970], [657, 1970], [656, 1971], [655, 1971], [654, 1972], [653, 1972], [652, 1973], [651, 1973], [650, 1974], [649, 1974], [648, 1975], [646, 1975], [645, 1976], [644, 1976], [643, 1977], [641, 1977], [640, 1978], [637, 1978], [636, 1979], [633, 1979], [632, 1980], [627, 1980], [626, 1981], [622, 1981], [621, 1982], [617, 1982], [616, 1983], [613, 1983], [612, 1984], [609, 1984], [608, 1985], [607, 1985], [606, 1986], [605, 1986], [601, 1990], [600, 1990], [599, 1991], [598, 1991], [596, 1993], [594, 1993], [593, 1994], [592, 1994], [591, 1995], [588, 1995], [587, 1996], [585, 1996], [584, 1997], [581, 1997], [580, 1998], [578, 1998], [577, 1999], [576, 1999], [575, 2000], [574, 2000], [573, 2001], [572, 2001], [571, 2002], [570, 2002], [567, 2005], [566, 2005], [565, 2006], [564, 2006], [563, 2007], [562, 2007], [561, 2008], [559, 2008], [558, 2009], [557, 2009], [556, 2010], [554, 2010], [553, 2011], [551, 2011], [550, 2012], [548, 2012], [547, 2013], [545, 2013], [544, 2014], [543, 2014], [540, 2017], [539, 2017], [538, 2018], [538, 2019], [535, 2022], [534, 2022], [532, 2024], [531, 2024], [530, 2025], [529, 2025], [528, 2026], [527, 2026], [526, 2027], [525, 2027], [524, 2028], [523, 2028], [522, 2029], [521, 2029], [516, 2034], [516, 2035], [510, 2041], [509, 2041], [508, 2042], [507, 2042], [506, 2043], [505, 2043], [504, 2044], [503, 2044], [500, 2047], [499, 2047], [498, 2048], [498, 2049], [491, 2056], [490, 2056], [488, 2058], [487, 2058], [486, 2059], [485, 2059], [484, 2060], [483, 2060], [480, 2063], [479, 2063], [478, 2064], [478, 2065], [470, 2073], [469, 2073], [468, 2074], [467, 2074], [465, 2076], [464, 2076], [463, 2077], [462, 2077], [449, 2090], [448, 2090], [446, 2092], [445, 2092], [444, 2093], [443, 2093], [440, 2096], [440, 2097], [439, 2098], [439, 2099], [429, 2109], [428, 2109], [426, 2111], [426, 2112], [425, 2113], [425, 2115], [424, 2116], [424, 2117], [423, 2118], [423, 2119], [422, 2120], [422, 2121], [421, 2122], [421, 2123], [419, 2125], [419, 2126], [420, 2127], [420, 2128], [427, 2135], [427, 2136], [429, 2138], [429, 2139], [430, 2140], [430, 2141], [431, 2142], [431, 2148], [432, 2149], [432, 2156], [434, 2158], [434, 2159], [437, 2162], [437, 2163], [439, 2165], [440, 2165], [443, 2168], [444, 2168], [445, 2169], [456, 2169], [457, 2170], [463, 2170], [464, 2171], [466, 2169], [467, 2169], [469, 2167], [470, 2167], [471, 2166], [472, 2166], [473, 2165], [474, 2165], [475, 2164], [477, 2164], [478, 2163], [480, 2163], [481, 2162], [484, 2162], [485, 2161], [489, 2161], [490, 2160], [492, 2160], [493, 2159], [494, 2159], [495, 2158], [496, 2158], [497, 2157], [498, 2157], [505, 2150], [507, 2152], [507, 2153], [508, 2154], [508, 2155], [509, 2156], [509, 2157], [510, 2158], [510, 2159], [512, 2161], [512, 2162], [518, 2168], [519, 2168], [521, 2170], [522, 2170], [524, 2172], [524, 2173], [523, 2174], [523, 2180], [522, 2181], [522, 2189], [523, 2190], [523, 2191], [524, 2192], [524, 2195], [525, 2196], [525, 2199], [526, 2200], [526, 2202], [525, 2203], [525, 2204], [524, 2205], [524, 2206], [522, 2208], [522, 2209], [520, 2211], [520, 2212], [519, 2213], [519, 2214], [517, 2216], [517, 2238], [516, 2239], [516, 2245], [515, 2246], [515, 2257], [514, 2258], [514, 2265], [515, 2266], [515, 2273], [516, 2274], [516, 2279], [523, 2286], [524, 2286], [525, 2287], [526, 2287], [529, 2290], [530, 2290], [532, 2292], [533, 2292], [535, 2294], [536, 2294], [537, 2295], [538, 2295], [539, 2296], [540, 2296], [541, 2297], [543, 2297], [544, 2298], [546, 2298], [547, 2299], [548, 2299], [549, 2300], [551, 2300], [552, 2301], [553, 2301], [554, 2302], [556, 2302], [557, 2303], [559, 2303], [560, 2304], [561, 2304], [562, 2305], [564, 2305], [565, 2306], [566, 2306], [567, 2307], [569, 2307], [570, 2308], [572, 2308], [573, 2309], [574, 2309], [575, 2310], [577, 2310], [578, 2311], [580, 2311], [581, 2312], [584, 2312], [585, 2313], [589, 2313], [590, 2314], [609, 2314], [610, 2313], [611, 2313], [613, 2311], [614, 2311], [617, 2308], [617, 2307], [620, 2304], [620, 2303], [623, 2300], [623, 2299], [627, 2295], [627, 2294], [629, 2292], [630, 2292], [633, 2289], [634, 2289], [648, 2275], [649, 2275], [650, 2274], [651, 2274], [652, 2273], [653, 2273], [654, 2272], [655, 2272], [656, 2271], [657, 2271], [658, 2270], [659, 2270], [660, 2269], [661, 2269], [662, 2268], [663, 2268], [664, 2267], [665, 2267], [666, 2266], [667, 2266], [668, 2265], [669, 2265], [670, 2264], [671, 2264], [673, 2262], [674, 2262], [675, 2261], [676, 2261], [677, 2260], [678, 2260], [679, 2259], [680, 2259], [681, 2258], [682, 2258], [683, 2257], [685, 2257], [686, 2256], [688, 2256], [689, 2255], [691, 2255], [692, 2254], [696, 2254], [697, 2253], [701, 2253], [702, 2252], [705, 2252], [706, 2251], [709, 2251], [710, 2250], [714, 2250], [715, 2249], [720, 2249], [721, 2248], [724, 2248], [725, 2247], [729, 2247], [730, 2246], [732, 2246], [733, 2245], [735, 2245], [736, 2244], [738, 2244], [739, 2243], [741, 2243], [742, 2242], [744, 2242], [745, 2241], [747, 2241], [748, 2240], [750, 2240], [751, 2239], [753, 2239], [754, 2238], [755, 2238], [756, 2237], [758, 2237], [759, 2236], [760, 2236], [761, 2235], [762, 2235], [764, 2233], [765, 2233], [766, 2232], [767, 2232], [769, 2230], [771, 2230], [772, 2229], [773, 2229], [775, 2227], [776, 2227], [778, 2225], [779, 2225], [782, 2222], [783, 2222], [793, 2212], [794, 2212], [802, 2204], [802, 2203], [805, 2200], [805, 2199], [809, 2195], [810, 2195], [813, 2192], [814, 2192], [816, 2190], [817, 2190], [827, 2180], [828, 2180], [831, 2177], [832, 2177], [834, 2175], [835, 2175], [836, 2174], [837, 2174], [841, 2170], [842, 2170], [844, 2168], [845, 2168], [847, 2166], [848, 2166], [849, 2165], [850, 2165], [851, 2164], [852, 2164], [853, 2163], [854, 2163], [855, 2162], [856, 2162], [857, 2161], [858, 2161], [859, 2160], [860, 2160], [861, 2159], [862, 2159], [865, 2156], [866, 2156], [869, 2153], [870, 2153], [871, 2152], [872, 2152], [873, 2151], [875, 2151], [876, 2150], [877, 2150], [878, 2149], [879, 2149], [880, 2148], [882, 2148], [883, 2147], [884, 2147], [885, 2146], [886, 2146], [887, 2145], [888, 2145], [889, 2144], [890, 2144], [892, 2142], [893, 2142], [896, 2139], [897, 2139], [899, 2137], [900, 2137], [902, 2135], [903, 2135], [905, 2133], [906, 2133], [907, 2132], [908, 2132], [910, 2130], [911, 2130], [912, 2129], [913, 2129], [914, 2128], [916, 2128], [916, 2127], [917, 2126], [917, 2096], [918, 2095], [918, 2079], [917, 2078], [917, 2076], [916, 2075], [916, 2074], [915, 2073], [914, 2073], [913, 2072], [911, 2072], [910, 2071], [909, 2071], [908, 2070], [907, 2070], [906, 2069], [905, 2069], [904, 2068], [903, 2068], [902, 2067], [901, 2067], [900, 2066], [899, 2066], [897, 2064], [896, 2064], [895, 2063], [895, 2062], [894, 2061], [894, 2059], [893, 2058], [893, 2057], [892, 2056], [892, 2054], [891, 2053], [891, 2051], [890, 2050], [890, 2047], [889, 2046], [889, 2043], [888, 2042], [888, 2041], [887, 2040], [887, 2039], [886, 2038], [886, 2037], [885, 2036], [885, 2035], [884, 2034], [883, 2034], [882, 2033], [881, 2033], [880, 2032], [879, 2032], [877, 2030], [876, 2030], [875, 2029], [874, 2029], [873, 2028], [872, 2028], [871, 2027], [870, 2027], [868, 2025], [867, 2025], [866, 2024], [865, 2024], [864, 2023], [863, 2023], [862, 2022], [861, 2022], [860, 2021], [859, 2021], [858, 2020], [857, 2020], [856, 2019], [855, 2019], [853, 2017], [853, 2016], [850, 2013], [850, 2012], [848, 2010], [848, 2009], [846, 2007], [846, 2006], [845, 2005], [845, 2004], [839, 1998], [839, 1997], [835, 1993], [834, 1993], [833, 1992], [830, 1992], [829, 1991], [826, 1991], [825, 1990], [822, 1990], [821, 1989], [818, 1989], [817, 1988], [812, 1988], [811, 1987], [809, 1987], [808, 1986], [805, 1986], [804, 1985], [802, 1985], [801, 1984], [800, 1984], [799, 1983], [798, 1983], [797, 1982], [796, 1982], [795, 1981], [794, 1981], [792, 1979], [791, 1979], [788, 1976], [787, 1976], [776, 1965], [775, 1965], [765, 1955], [764, 1955], [762, 1953], [761, 1953], [759, 1951], [758, 1951], [757, 1950], [756, 1950], [755, 1949], [754, 1949], [753, 1948]]","[[574, 2364], [401, 2110], [769, 1859], [942, 2113]]",0.9269353,pixels
28,MHR.7997.jpg,autozooid,452.693359375,365.791748046875,92434.0,1251.1311557292938,0.9385258177350655,0.7420547220946778,0.8501023810439486,366.60662841796875,311.6531677246094,-39.846092224121094,1431,2115,0.16947784440308317,0.0015026212304111671,2.4864624536895183e-05,2.668701055945837e-06,8.49497602333841e-12,5.9191622996498274e-08,2.0010554522508422e-11,"[[1396, 1935], [1395, 1936], [1381, 1936], [1380, 1937], [1374, 1937], [1371, 1940], [1371, 1941], [1369, 1943], [1369, 1944], [1367, 1946], [1367, 1947], [1365, 1949], [1365, 1950], [1364, 1951], [1364, 1952], [1362, 1954], [1362, 1955], [1359, 1958], [1359, 1959], [1357, 1961], [1357, 1962], [1355, 1964], [1355, 1965], [1354, 1966], [1354, 1967], [1352, 1969], [1352, 1970], [1351, 1971], [1351, 1972], [1350, 1973], [1350, 1975], [1349, 1976], [1349, 1977], [1340, 1986], [1339, 1986], [1332, 1993], [1331, 1993], [1328, 1996], [1327, 1996], [1326, 1997], [1325, 1997], [1324, 1998], [1323, 1998], [1321, 2000], [1320, 2000], [1317, 2003], [1316, 2003], [1313, 2006], [1312, 2006], [1311, 2007], [1310, 2007], [1309, 2008], [1308, 2008], [1307, 2009], [1305, 2009], [1304, 2010], [1302, 2010], [1301, 2011], [1300, 2011], [1299, 2012], [1297, 2012], [1296, 2013], [1295, 2013], [1294, 2014], [1293, 2014], [1291, 2016], [1290, 2016], [1288, 2018], [1287, 2018], [1285, 2020], [1284, 2020], [1283, 2021], [1282, 2021], [1281, 2022], [1280, 2022], [1278, 2024], [1277, 2024], [1276, 2025], [1275, 2025], [1273, 2027], [1272, 2027], [1268, 2031], [1267, 2031], [1265, 2033], [1264, 2033], [1262, 2035], [1261, 2035], [1260, 2036], [1259, 2036], [1257, 2038], [1256, 2038], [1251, 2043], [1250, 2043], [1247, 2046], [1246, 2046], [1245, 2047], [1244, 2047], [1243, 2048], [1242, 2048], [1240, 2050], [1239, 2050], [1236, 2053], [1235, 2053], [1233, 2055], [1233, 2056], [1231, 2058], [1231, 2059], [1229, 2061], [1229, 2062], [1227, 2064], [1227, 2065], [1226, 2066], [1226, 2068], [1225, 2069], [1225, 2075], [1224, 2076], [1224, 2085], [1225, 2086], [1225, 2093], [1226, 2094], [1226, 2096], [1227, 2097], [1227, 2098], [1228, 2099], [1228, 2101], [1229, 2102], [1229, 2103], [1230, 2104], [1230, 2106], [1231, 2107], [1231, 2108], [1232, 2109], [1232, 2110], [1233, 2111], [1233, 2112], [1234, 2113], [1234, 2114], [1235, 2115], [1235, 2117], [1236, 2118], [1236, 2120], [1237, 2121], [1237, 2122], [1238, 2123], [1238, 2125], [1239, 2126], [1239, 2127], [1240, 2128], [1240, 2129], [1241, 2130], [1241, 2131], [1243, 2133], [1243, 2134], [1244, 2135], [1245, 2135], [1251, 2141], [1251, 2142], [1254, 2145], [1254, 2146], [1256, 2148], [1256, 2149], [1267, 2160], [1267, 2161], [1268, 2162], [1268, 2163], [1270, 2165], [1270, 2166], [1279, 2175], [1279, 2176], [1285, 2182], [1285, 2183], [1289, 2187], [1289, 2188], [1292, 2191], [1292, 2192], [1298, 2198], [1299, 2198], [1300, 2199], [1301, 2199], [1302, 2200], [1303, 2200], [1304, 2201], [1305, 2201], [1306, 2202], [1308, 2202], [1309, 2203], [1310, 2203], [1325, 2218], [1326, 2218], [1359, 2251], [1360, 2251], [1362, 2253], [1363, 2253], [1365, 2255], [1366, 2255], [1368, 2257], [1369, 2257], [1370, 2258], [1371, 2258], [1373, 2260], [1374, 2260], [1375, 2261], [1376, 2261], [1377, 2262], [1378, 2262], [1380, 2264], [1381, 2264], [1382, 2265], [1383, 2265], [1384, 2266], [1385, 2266], [1386, 2267], [1387, 2267], [1388, 2268], [1390, 2268], [1391, 2269], [1393, 2269], [1394, 2270], [1396, 2270], [1397, 2271], [1399, 2271], [1400, 2272], [1404, 2272], [1405, 2273], [1408, 2273], [1409, 2274], [1411, 2274], [1412, 2275], [1413, 2275], [1414, 2276], [1416, 2276], [1417, 2277], [1418, 2277], [1419, 2278], [1420, 2278], [1421, 2279], [1422, 2279], [1423, 2280], [1425, 2280], [1426, 2281], [1427, 2281], [1428, 2282], [1429, 2282], [1430, 2283], [1432, 2283], [1433, 2284], [1435, 2284], [1436, 2285], [1438, 2285], [1439, 2286], [1441, 2286], [1442, 2287], [1444, 2287], [1445, 2288], [1446, 2288], [1447, 2289], [1449, 2289], [1450, 2290], [1452, 2290], [1453, 2291], [1457, 2291], [1458, 2292], [1463, 2292], [1464, 2293], [1470, 2293], [1471, 2294], [1472, 2293], [1475, 2293], [1476, 2292], [1479, 2292], [1480, 2291], [1482, 2291], [1483, 2290], [1485, 2290], [1487, 2288], [1488, 2288], [1496, 2280], [1496, 2279], [1500, 2275], [1501, 2275], [1503, 2273], [1504, 2273], [1508, 2269], [1509, 2269], [1510, 2268], [1510, 2267], [1514, 2263], [1514, 2262], [1519, 2257], [1520, 2257], [1524, 2253], [1524, 2252], [1526, 2250], [1526, 2249], [1527, 2248], [1527, 2247], [1529, 2245], [1529, 2244], [1536, 2237], [1536, 2236], [1542, 2230], [1542, 2229], [1546, 2225], [1546, 2224], [1549, 2221], [1550, 2221], [1558, 2213], [1558, 2212], [1563, 2207], [1564, 2207], [1566, 2205], [1567, 2205], [1568, 2204], [1570, 2204], [1571, 2203], [1572, 2203], [1573, 2202], [1574, 2202], [1575, 2201], [1576, 2201], [1578, 2199], [1579, 2199], [1583, 2195], [1584, 2195], [1585, 2194], [1589, 2194], [1590, 2193], [1593, 2193], [1594, 2192], [1597, 2192], [1598, 2191], [1601, 2191], [1602, 2190], [1614, 2190], [1615, 2189], [1622, 2189], [1623, 2188], [1627, 2188], [1628, 2187], [1630, 2187], [1631, 2186], [1635, 2186], [1636, 2185], [1649, 2185], [1649, 2179], [1650, 2178], [1650, 2172], [1651, 2171], [1651, 2169], [1652, 2168], [1652, 2165], [1653, 2164], [1653, 2161], [1654, 2160], [1654, 2159], [1653, 2158], [1653, 2151], [1652, 2150], [1652, 2146], [1651, 2145], [1651, 2144], [1650, 2143], [1650, 2142], [1646, 2138], [1646, 2137], [1644, 2135], [1644, 2134], [1642, 2132], [1642, 2131], [1639, 2128], [1639, 2127], [1636, 2124], [1636, 2123], [1634, 2121], [1634, 2120], [1633, 2119], [1632, 2119], [1627, 2114], [1627, 2113], [1625, 2111], [1625, 2110], [1624, 2109], [1624, 2108], [1623, 2107], [1623, 2106], [1621, 2104], [1621, 2103], [1611, 2093], [1611, 2092], [1610, 2091], [1610, 2090], [1608, 2088], [1608, 2087], [1606, 2085], [1606, 2084], [1605, 2083], [1605, 2082], [1599, 2076], [1598, 2076], [1595, 2073], [1595, 2072], [1593, 2070], [1593, 2069], [1592, 2068], [1592, 2067], [1591, 2066], [1591, 2065], [1588, 2062], [1588, 2061], [1585, 2058], [1584, 2058], [1573, 2047], [1572, 2047], [1568, 2043], [1567, 2043], [1566, 2042], [1565, 2042], [1563, 2040], [1562, 2040], [1561, 2039], [1560, 2039], [1559, 2038], [1558, 2038], [1557, 2037], [1555, 2037], [1554, 2036], [1552, 2036], [1551, 2035], [1550, 2035], [1549, 2034], [1547, 2034], [1546, 2033], [1545, 2033], [1544, 2032], [1543, 2032], [1542, 2031], [1541, 2031], [1539, 2029], [1538, 2029], [1536, 2027], [1535, 2027], [1532, 2024], [1531, 2024], [1529, 2022], [1528, 2022], [1526, 2020], [1525, 2020], [1523, 2018], [1522, 2018], [1520, 2016], [1519, 2016], [1498, 1995], [1498, 1994], [1494, 1990], [1494, 1989], [1493, 1988], [1493, 1985], [1492, 1984], [1492, 1979], [1491, 1978], [1491, 1976], [1490, 1975], [1490, 1974], [1488, 1972], [1488, 1971], [1481, 1964], [1481, 1963], [1478, 1960], [1478, 1959], [1476, 1957], [1476, 1956], [1473, 1953], [1473, 1952], [1471, 1950], [1470, 1950], [1469, 1949], [1467, 1949], [1466, 1948], [1465, 1948], [1464, 1947], [1463, 1947], [1462, 1946], [1461, 1946], [1460, 1945], [1458, 1945], [1457, 1944], [1456, 1944], [1455, 1943], [1454, 1943], [1453, 1942], [1451, 1942], [1450, 1941], [1449, 1941], [1448, 1940], [1447, 1940], [1446, 1939], [1445, 1939], [1444, 1938], [1443, 1938], [1442, 1937], [1441, 1937], [1440, 1936], [1428, 1936], [1427, 1935]]","[[1434, 2363], [1199, 2082], [1439, 1882], [1674, 2164]]",0.9206642,pixels
29,MHR.7997.jpg,autozooid,323.8048095703125,258.0081481933594,56282.5,949.026473402977,0.9736277613437819,0.7852837114099394,0.7659038881421857,294.1487121582031,225.28964233398438,-86.7295150756836,332,268,0.17015756331080154,0.0023370472554864775,0.00012279923676224784,2.5737605839085333e-07,1.0766100253651275e-12,1.1836457452727825e-08,9.667169594405404e-13,"[[294, 151], [293, 152], [286, 152], [285, 153], [284, 153], [283, 154], [281, 154], [280, 155], [279, 155], [278, 156], [277, 156], [275, 158], [274, 158], [271, 161], [270, 161], [267, 164], [266, 164], [262, 168], [261, 168], [256, 173], [255, 173], [251, 177], [250, 177], [248, 179], [247, 179], [239, 187], [238, 187], [228, 197], [227, 197], [226, 198], [225, 198], [224, 199], [223, 199], [217, 205], [216, 205], [213, 208], [212, 208], [211, 209], [210, 209], [208, 211], [207, 211], [205, 213], [204, 213], [200, 217], [199, 217], [192, 224], [192, 225], [191, 226], [191, 227], [190, 228], [190, 229], [189, 230], [189, 231], [188, 232], [188, 238], [187, 239], [187, 246], [186, 247], [186, 249], [185, 250], [185, 253], [184, 254], [184, 262], [183, 263], [183, 265], [182, 266], [182, 267], [181, 268], [181, 270], [180, 271], [180, 274], [179, 275], [179, 279], [178, 280], [178, 285], [177, 286], [177, 290], [176, 291], [176, 295], [175, 296], [175, 305], [176, 306], [176, 308], [175, 309], [175, 315], [174, 316], [174, 318], [175, 319], [175, 324], [176, 325], [176, 327], [177, 328], [177, 329], [179, 331], [179, 332], [181, 334], [181, 335], [188, 342], [189, 342], [190, 343], [191, 343], [192, 344], [194, 344], [195, 345], [196, 345], [197, 346], [199, 346], [200, 347], [202, 347], [203, 348], [205, 348], [206, 349], [207, 349], [208, 350], [210, 350], [211, 351], [212, 351], [213, 352], [214, 352], [216, 354], [218, 354], [219, 355], [220, 355], [221, 356], [223, 356], [224, 357], [226, 357], [227, 358], [229, 358], [230, 359], [232, 359], [233, 360], [234, 360], [235, 361], [237, 361], [238, 362], [239, 362], [240, 363], [241, 363], [242, 364], [244, 364], [245, 365], [247, 365], [248, 366], [251, 366], [252, 367], [255, 367], [256, 368], [260, 368], [261, 369], [265, 369], [266, 370], [271, 370], [272, 371], [276, 371], [277, 372], [280, 372], [281, 373], [285, 373], [286, 374], [291, 374], [292, 375], [297, 375], [298, 376], [304, 376], [305, 377], [318, 377], [319, 376], [334, 376], [335, 375], [336, 375], [337, 374], [339, 374], [340, 373], [342, 373], [343, 372], [347, 372], [348, 373], [353, 373], [354, 374], [360, 374], [361, 373], [368, 373], [369, 374], [373, 374], [374, 375], [377, 375], [378, 376], [391, 376], [392, 377], [395, 377], [396, 378], [400, 378], [401, 379], [427, 379], [428, 378], [432, 378], [433, 377], [437, 377], [438, 376], [440, 376], [441, 375], [442, 375], [443, 374], [444, 374], [445, 373], [446, 373], [447, 372], [448, 372], [448, 371], [450, 369], [450, 368], [451, 367], [451, 365], [452, 364], [452, 358], [453, 357], [453, 335], [454, 334], [454, 327], [455, 326], [455, 320], [456, 319], [456, 315], [457, 314], [457, 311], [458, 310], [458, 307], [459, 306], [459, 305], [461, 303], [461, 302], [462, 301], [462, 300], [463, 299], [463, 297], [464, 296], [464, 294], [465, 293], [465, 291], [466, 290], [466, 287], [467, 286], [467, 284], [468, 283], [468, 281], [469, 280], [469, 276], [470, 275], [470, 273], [471, 272], [471, 263], [470, 262], [470, 260], [471, 259], [471, 242], [470, 241], [470, 236], [469, 235], [469, 232], [470, 231], [470, 211], [471, 210], [471, 205], [472, 204], [472, 195], [473, 194], [473, 182], [472, 181], [472, 176], [471, 175], [471, 174], [465, 168], [464, 168], [462, 166], [460, 166], [459, 165], [458, 165], [457, 164], [455, 164], [454, 163], [452, 163], [451, 162], [448, 162], [447, 161], [445, 161], [444, 160], [440, 160], [439, 159], [410, 159], [409, 160], [405, 160], [404, 161], [399, 161], [398, 162], [392, 162], [391, 163], [366, 163], [365, 162], [357, 162], [356, 161], [351, 161], [350, 160], [345, 160], [344, 159], [330, 159], [329, 158], [327, 158], [326, 157], [323, 157], [322, 156], [318, 156], [317, 155], [314, 155], [313, 154], [309, 154], [308, 153], [305, 153], [304, 152], [300, 152], [299, 151]]","[[464, 386], [170, 369], [183, 144], [477, 161]]",0.65783226,pixels
30,MHR.7997.jpg,autozooid,430.7030029296875,332.96240234375,81073.5,1249.7514303922653,0.94109555648419,0.6522911725455697,0.83801630258851,372.8506164550781,312.45489501953125,-57.572444915771484,935,1987,0.17240870108790518,0.0023712206792217286,0.0004245543066305172,1.6409007531307167e-05,1.368979163111017e-09,7.877165999243843e-07,-4.08494420869434e-11,"[[909, 1831], [908, 1832], [893, 1832], [892, 1833], [880, 1833], [879, 1834], [868, 1834], [867, 1835], [862, 1835], [861, 1836], [858, 1836], [857, 1837], [855, 1837], [854, 1838], [852, 1838], [851, 1839], [850, 1839], [846, 1843], [846, 1844], [843, 1847], [843, 1848], [842, 1849], [842, 1850], [841, 1851], [841, 1852], [839, 1854], [839, 1855], [834, 1860], [834, 1861], [832, 1863], [832, 1864], [831, 1865], [831, 1867], [830, 1868], [830, 1869], [829, 1870], [829, 1873], [828, 1874], [828, 1876], [827, 1877], [827, 1878], [825, 1880], [825, 1881], [819, 1887], [818, 1887], [818, 1888], [811, 1895], [811, 1896], [805, 1902], [804, 1902], [801, 1905], [800, 1905], [796, 1909], [796, 1910], [792, 1914], [791, 1914], [789, 1916], [788, 1916], [787, 1917], [786, 1917], [784, 1919], [783, 1919], [775, 1927], [774, 1927], [772, 1929], [771, 1929], [767, 1933], [767, 1934], [766, 1935], [766, 1936], [764, 1938], [764, 1939], [759, 1944], [758, 1944], [756, 1946], [756, 1947], [755, 1948], [755, 1950], [754, 1951], [754, 1952], [752, 1954], [752, 1955], [751, 1956], [750, 1956], [748, 1958], [747, 1958], [749, 1960], [749, 1961], [751, 1963], [751, 1965], [752, 1966], [752, 1968], [753, 1969], [753, 1973], [754, 1974], [754, 1979], [755, 1980], [755, 1983], [756, 1984], [756, 1986], [757, 1987], [757, 1989], [758, 1990], [758, 1992], [759, 1993], [759, 1996], [760, 1997], [760, 2000], [761, 2001], [761, 2003], [762, 2004], [762, 2005], [767, 2010], [768, 2010], [772, 2014], [773, 2014], [781, 2022], [781, 2023], [783, 2025], [783, 2026], [785, 2028], [785, 2031], [784, 2032], [784, 2033], [783, 2034], [783, 2035], [781, 2037], [781, 2038], [778, 2041], [778, 2043], [777, 2044], [777, 2048], [776, 2049], [776, 2051], [775, 2052], [775, 2053], [766, 2062], [766, 2063], [764, 2065], [764, 2066], [765, 2067], [765, 2068], [766, 2069], [766, 2071], [767, 2072], [767, 2075], [768, 2076], [768, 2077], [778, 2087], [779, 2087], [781, 2089], [781, 2091], [782, 2092], [782, 2100], [788, 2106], [804, 2106], [805, 2105], [807, 2105], [808, 2104], [810, 2104], [811, 2103], [814, 2103], [815, 2102], [817, 2102], [818, 2101], [820, 2101], [820, 2100], [817, 2097], [817, 2096], [815, 2094], [815, 2092], [814, 2091], [814, 2090], [813, 2089], [816, 2086], [817, 2086], [818, 2085], [836, 2085], [838, 2087], [839, 2087], [840, 2088], [841, 2088], [842, 2089], [842, 2090], [843, 2091], [843, 2093], [844, 2094], [844, 2099], [845, 2100], [845, 2101], [846, 2102], [846, 2103], [848, 2105], [848, 2106], [850, 2108], [850, 2109], [851, 2110], [852, 2110], [854, 2112], [855, 2112], [857, 2114], [859, 2114], [860, 2115], [862, 2115], [863, 2116], [865, 2116], [868, 2119], [868, 2120], [870, 2122], [870, 2123], [871, 2124], [871, 2126], [870, 2127], [870, 2129], [868, 2131], [868, 2132], [867, 2133], [866, 2133], [864, 2135], [864, 2136], [865, 2137], [866, 2137], [867, 2138], [874, 2138], [875, 2139], [883, 2139], [884, 2138], [891, 2138], [892, 2137], [897, 2137], [898, 2136], [899, 2136], [900, 2135], [901, 2135], [902, 2134], [904, 2134], [905, 2133], [908, 2133], [909, 2132], [914, 2132], [915, 2131], [920, 2131], [921, 2130], [927, 2130], [928, 2129], [933, 2129], [934, 2128], [938, 2128], [939, 2127], [943, 2127], [944, 2126], [946, 2126], [947, 2125], [949, 2125], [950, 2124], [951, 2124], [952, 2123], [953, 2123], [954, 2122], [956, 2122], [957, 2121], [960, 2121], [961, 2120], [964, 2120], [965, 2119], [969, 2119], [970, 2118], [974, 2118], [975, 2117], [977, 2117], [978, 2116], [980, 2116], [981, 2115], [983, 2115], [984, 2114], [985, 2114], [986, 2113], [987, 2113], [988, 2112], [989, 2112], [990, 2111], [992, 2111], [993, 2110], [995, 2110], [996, 2109], [997, 2109], [998, 2108], [1000, 2108], [1001, 2107], [1004, 2107], [1005, 2106], [1006, 2106], [1007, 2105], [1008, 2105], [1009, 2104], [1010, 2104], [1011, 2103], [1012, 2103], [1013, 2102], [1014, 2102], [1016, 2100], [1017, 2100], [1019, 2098], [1020, 2098], [1021, 2097], [1022, 2097], [1023, 2096], [1024, 2096], [1025, 2095], [1026, 2095], [1028, 2093], [1029, 2093], [1030, 2092], [1031, 2092], [1032, 2091], [1033, 2091], [1034, 2090], [1035, 2090], [1037, 2088], [1038, 2088], [1040, 2086], [1041, 2086], [1043, 2084], [1044, 2084], [1045, 2083], [1046, 2083], [1047, 2082], [1048, 2082], [1049, 2081], [1050, 2081], [1051, 2080], [1052, 2080], [1054, 2078], [1055, 2078], [1059, 2074], [1060, 2074], [1062, 2072], [1063, 2072], [1064, 2071], [1065, 2071], [1066, 2070], [1068, 2070], [1069, 2069], [1070, 2069], [1071, 2068], [1072, 2068], [1073, 2067], [1074, 2067], [1076, 2065], [1077, 2065], [1079, 2063], [1080, 2063], [1081, 2062], [1083, 2062], [1084, 2061], [1085, 2061], [1086, 2060], [1088, 2060], [1089, 2059], [1091, 2059], [1092, 2058], [1094, 2058], [1095, 2057], [1097, 2057], [1098, 2056], [1100, 2056], [1101, 2055], [1103, 2055], [1104, 2054], [1106, 2054], [1107, 2053], [1109, 2053], [1110, 2052], [1111, 2052], [1112, 2051], [1113, 2051], [1114, 2050], [1116, 2050], [1117, 2049], [1118, 2049], [1119, 2048], [1121, 2048], [1122, 2047], [1124, 2047], [1125, 2046], [1127, 2046], [1128, 2045], [1129, 2045], [1130, 2044], [1131, 2044], [1132, 2043], [1133, 2043], [1135, 2041], [1136, 2041], [1136, 2040], [1137, 2039], [1137, 2038], [1138, 2037], [1138, 2036], [1140, 2034], [1140, 2033], [1141, 2032], [1141, 2030], [1142, 2029], [1142, 2026], [1143, 2025], [1143, 2021], [1144, 2020], [1144, 2011], [1145, 2010], [1145, 2002], [1146, 2001], [1146, 1995], [1147, 1994], [1147, 1969], [1145, 1967], [1145, 1966], [1140, 1961], [1139, 1961], [1133, 1955], [1132, 1955], [1131, 1954], [1130, 1954], [1128, 1952], [1127, 1952], [1126, 1951], [1125, 1951], [1124, 1950], [1123, 1950], [1122, 1949], [1121, 1949], [1119, 1947], [1118, 1947], [1116, 1945], [1115, 1945], [1114, 1944], [1113, 1944], [1112, 1943], [1111, 1943], [1110, 1942], [1109, 1942], [1108, 1941], [1107, 1941], [1106, 1940], [1105, 1940], [1104, 1939], [1103, 1939], [1102, 1938], [1101, 1938], [1100, 1937], [1099, 1937], [1098, 1936], [1097, 1936], [1095, 1934], [1094, 1934], [1092, 1932], [1091, 1932], [1090, 1931], [1089, 1931], [1088, 1930], [1087, 1930], [1086, 1929], [1084, 1929], [1083, 1928], [1081, 1928], [1080, 1927], [1079, 1927], [1078, 1926], [1077, 1926], [1076, 1925], [1075, 1925], [1071, 1921], [1070, 1921], [1069, 1920], [1068, 1920], [1067, 1919], [1066, 1919], [1065, 1918], [1063, 1918], [1062, 1917], [1061, 1917], [1060, 1916], [1058, 1916], [1057, 1915], [1055, 1915], [1054, 1914], [1053, 1914], [1052, 1913], [1050, 1913], [1048, 1911], [1047, 1911], [1043, 1907], [1042, 1907], [1041, 1906], [1040, 1906], [1038, 1904], [1037, 1904], [1036, 1903], [1035, 1903], [1034, 1902], [1033, 1902], [1025, 1894], [1024, 1894], [1022, 1892], [1021, 1892], [1020, 1891], [1019, 1891], [1008, 1880], [1007, 1880], [1005, 1878], [1004, 1878], [997, 1871], [996, 1871], [994, 1869], [993, 1869], [991, 1867], [990, 1867], [989, 1866], [988, 1866], [984, 1862], [983, 1862], [980, 1859], [979, 1859], [977, 1857], [976, 1857], [975, 1856], [974, 1856], [973, 1855], [972, 1855], [970, 1853], [969, 1853], [963, 1847], [962, 1847], [961, 1846], [960, 1846], [959, 1845], [958, 1845], [957, 1844], [956, 1844], [954, 1842], [953, 1842], [950, 1839], [949, 1839], [947, 1837], [946, 1837], [945, 1836], [944, 1836], [943, 1835], [941, 1835], [940, 1834], [936, 1834], [935, 1833], [932, 1833], [931, 1832], [922, 1832], [921, 1831]]","[[1006, 2244], [691, 2044], [859, 1781], [1174, 1981]]",0.63159144,pixels
31,MHR.7997.jpg,autozooid,300.69610595703125,307.9132080078125,46004.0,890.1706961393356,0.9680365296803652,0.7295564003348715,0.535293460256411,318.40228271484375,170.43865966796875,-41.378517150878906,1160,1529,0.19789017102275264,0.012338584693352911,0.00030603219181907817,2.9185981115861123e-05,8.000005608092954e-10,4.652799665317514e-07,2.639761488532079e-09,"[[1124, 1402], [1123, 1403], [1116, 1403], [1115, 1404], [1087, 1404], [1086, 1405], [1069, 1405], [1068, 1406], [1061, 1406], [1060, 1407], [1056, 1407], [1055, 1408], [1052, 1408], [1051, 1409], [1049, 1409], [1048, 1410], [1047, 1410], [1045, 1412], [1044, 1412], [1041, 1415], [1040, 1415], [1038, 1417], [1037, 1417], [1031, 1423], [1030, 1423], [1028, 1425], [1027, 1425], [1022, 1430], [1022, 1431], [1019, 1434], [1019, 1435], [1014, 1440], [1014, 1441], [1013, 1442], [1013, 1444], [1012, 1445], [1012, 1449], [1011, 1450], [1011, 1455], [1010, 1456], [1010, 1466], [1011, 1467], [1011, 1471], [1012, 1472], [1012, 1477], [1013, 1478], [1013, 1481], [1014, 1482], [1014, 1485], [1015, 1486], [1015, 1487], [1017, 1489], [1018, 1489], [1019, 1490], [1020, 1490], [1021, 1491], [1022, 1491], [1023, 1492], [1025, 1492], [1026, 1493], [1028, 1493], [1029, 1494], [1030, 1494], [1031, 1495], [1032, 1495], [1033, 1496], [1034, 1496], [1035, 1497], [1036, 1497], [1037, 1498], [1038, 1498], [1040, 1500], [1040, 1501], [1048, 1509], [1048, 1510], [1051, 1513], [1052, 1513], [1055, 1516], [1056, 1516], [1058, 1518], [1059, 1518], [1062, 1521], [1062, 1522], [1071, 1531], [1071, 1536], [1072, 1537], [1072, 1541], [1073, 1542], [1073, 1543], [1076, 1546], [1076, 1547], [1078, 1549], [1078, 1550], [1081, 1553], [1081, 1554], [1083, 1556], [1083, 1557], [1085, 1559], [1085, 1560], [1086, 1561], [1086, 1562], [1087, 1563], [1087, 1564], [1088, 1565], [1088, 1566], [1089, 1567], [1089, 1568], [1091, 1570], [1091, 1571], [1094, 1574], [1094, 1575], [1099, 1580], [1100, 1580], [1106, 1586], [1106, 1587], [1110, 1591], [1111, 1591], [1113, 1593], [1114, 1593], [1119, 1598], [1119, 1599], [1120, 1599], [1123, 1602], [1124, 1602], [1128, 1606], [1128, 1607], [1129, 1608], [1129, 1609], [1131, 1611], [1131, 1612], [1132, 1613], [1132, 1614], [1134, 1616], [1134, 1617], [1137, 1620], [1137, 1621], [1140, 1624], [1140, 1625], [1143, 1628], [1143, 1629], [1145, 1631], [1145, 1632], [1150, 1637], [1150, 1638], [1153, 1641], [1153, 1642], [1155, 1644], [1155, 1645], [1159, 1649], [1159, 1650], [1163, 1654], [1163, 1655], [1165, 1657], [1166, 1657], [1175, 1666], [1176, 1666], [1178, 1668], [1179, 1668], [1180, 1669], [1181, 1669], [1182, 1670], [1183, 1670], [1185, 1672], [1187, 1672], [1189, 1674], [1190, 1674], [1191, 1675], [1192, 1675], [1193, 1676], [1195, 1676], [1196, 1677], [1197, 1677], [1198, 1678], [1201, 1678], [1202, 1677], [1207, 1677], [1208, 1676], [1211, 1676], [1212, 1675], [1214, 1675], [1215, 1674], [1217, 1674], [1218, 1673], [1219, 1673], [1220, 1672], [1221, 1672], [1222, 1671], [1223, 1671], [1225, 1669], [1226, 1669], [1227, 1668], [1228, 1668], [1229, 1667], [1230, 1667], [1231, 1666], [1232, 1666], [1234, 1664], [1235, 1664], [1241, 1658], [1242, 1658], [1243, 1657], [1244, 1657], [1245, 1656], [1246, 1656], [1250, 1652], [1251, 1652], [1262, 1641], [1262, 1640], [1265, 1637], [1265, 1636], [1267, 1634], [1267, 1633], [1269, 1631], [1269, 1630], [1270, 1629], [1270, 1628], [1276, 1622], [1276, 1621], [1278, 1619], [1278, 1618], [1279, 1617], [1279, 1616], [1280, 1615], [1280, 1614], [1281, 1613], [1281, 1612], [1283, 1610], [1283, 1609], [1285, 1607], [1285, 1606], [1287, 1604], [1287, 1603], [1289, 1601], [1289, 1600], [1292, 1597], [1292, 1596], [1293, 1595], [1293, 1594], [1295, 1592], [1295, 1591], [1296, 1590], [1296, 1589], [1297, 1588], [1297, 1586], [1298, 1585], [1298, 1561], [1297, 1560], [1297, 1558], [1296, 1557], [1296, 1556], [1295, 1555], [1295, 1554], [1293, 1552], [1293, 1551], [1291, 1549], [1291, 1548], [1289, 1546], [1289, 1545], [1287, 1543], [1287, 1542], [1276, 1531], [1276, 1530], [1268, 1522], [1268, 1521], [1265, 1518], [1265, 1517], [1256, 1508], [1256, 1507], [1249, 1500], [1249, 1499], [1246, 1496], [1246, 1495], [1244, 1493], [1244, 1492], [1242, 1490], [1242, 1489], [1239, 1486], [1239, 1485], [1229, 1475], [1229, 1474], [1227, 1472], [1227, 1471], [1224, 1468], [1224, 1467], [1221, 1464], [1221, 1463], [1214, 1456], [1213, 1456], [1205, 1448], [1204, 1448], [1202, 1446], [1201, 1446], [1200, 1445], [1199, 1445], [1195, 1441], [1195, 1440], [1192, 1437], [1191, 1437], [1189, 1435], [1188, 1435], [1186, 1433], [1185, 1433], [1183, 1431], [1182, 1431], [1181, 1430], [1180, 1430], [1179, 1429], [1178, 1429], [1177, 1428], [1176, 1428], [1175, 1427], [1174, 1427], [1172, 1425], [1171, 1425], [1167, 1421], [1166, 1421], [1165, 1420], [1164, 1420], [1162, 1418], [1161, 1418], [1160, 1417], [1159, 1417], [1157, 1415], [1156, 1415], [1152, 1411], [1151, 1411], [1149, 1409], [1148, 1409], [1147, 1408], [1146, 1408], [1145, 1407], [1142, 1407], [1141, 1406], [1138, 1406], [1137, 1405], [1134, 1405], [1133, 1404], [1129, 1404], [1128, 1403], [1125, 1403]]","[[1199, 1696], [989, 1458], [1117, 1345], [1327, 1584]]",0.52974445,pixels
32,MHR.7997.jpg,orifice,128.957275390625,104.27066040039062,8850.5,375.1198375225067,0.9857437211115443,0.790383030140782,0.6232720115090481,132.59141540527344,82.64051818847656,-18.79988670349121,1309,84,0.17959883212816252,0.005919487357569633,0.0002876260606365731,1.3220726670870074e-05,-5.653657885427957e-10,-8.008091911200569e-07,5.873783853211487e-10,"[[1319, 37], [1318, 38], [1311, 38], [1310, 39], [1307, 39], [1306, 40], [1303, 40], [1302, 41], [1299, 41], [1298, 42], [1296, 42], [1295, 43], [1293, 43], [1292, 44], [1291, 44], [1290, 45], [1289, 45], [1288, 46], [1287, 46], [1286, 47], [1285, 47], [1284, 48], [1283, 48], [1282, 49], [1281, 49], [1280, 50], [1279, 50], [1278, 51], [1277, 51], [1271, 57], [1270, 57], [1267, 60], [1267, 61], [1260, 68], [1260, 69], [1259, 70], [1259, 72], [1258, 73], [1258, 74], [1257, 75], [1257, 76], [1256, 77], [1256, 78], [1255, 79], [1255, 80], [1254, 81], [1254, 83], [1253, 84], [1253, 86], [1252, 87], [1252, 89], [1251, 90], [1251, 94], [1250, 95], [1250, 99], [1249, 100], [1249, 109], [1250, 110], [1250, 116], [1251, 117], [1251, 119], [1252, 120], [1252, 121], [1253, 122], [1253, 123], [1254, 124], [1254, 125], [1255, 126], [1255, 127], [1258, 130], [1258, 131], [1260, 133], [1261, 133], [1262, 134], [1263, 134], [1264, 135], [1265, 135], [1266, 136], [1276, 136], [1277, 135], [1279, 135], [1280, 134], [1282, 134], [1283, 133], [1285, 133], [1286, 132], [1288, 132], [1289, 131], [1290, 131], [1292, 129], [1294, 129], [1295, 128], [1298, 128], [1299, 127], [1301, 127], [1302, 126], [1303, 126], [1304, 125], [1306, 125], [1307, 124], [1309, 124], [1310, 123], [1313, 123], [1314, 122], [1316, 122], [1317, 121], [1318, 121], [1319, 120], [1321, 120], [1322, 119], [1323, 119], [1325, 117], [1331, 117], [1332, 116], [1335, 116], [1336, 115], [1337, 115], [1338, 114], [1339, 114], [1340, 113], [1342, 113], [1343, 112], [1345, 112], [1346, 111], [1348, 111], [1349, 110], [1350, 110], [1351, 109], [1352, 109], [1353, 108], [1354, 108], [1355, 107], [1356, 107], [1357, 106], [1358, 106], [1359, 105], [1361, 105], [1362, 104], [1363, 104], [1365, 102], [1366, 102], [1367, 101], [1368, 101], [1372, 97], [1372, 96], [1373, 95], [1373, 66], [1372, 65], [1372, 63], [1369, 60], [1369, 59], [1363, 53], [1362, 53], [1358, 49], [1357, 49], [1354, 46], [1353, 46], [1352, 45], [1351, 45], [1349, 43], [1347, 43], [1346, 42], [1344, 42], [1343, 41], [1341, 41], [1340, 40], [1338, 40], [1337, 39], [1334, 39], [1333, 38], [1328, 38], [1327, 37]]","[[1258, 141], [1232, 63], [1357, 20], [1384, 99]]",0.9982476,pixels
33,MHR.7997.jpg,orifice,120.46923828125,104.67694091796875,8726.5,373.6639939546585,0.96875,0.7853937737213335,0.7574905422066502,121.55831909179688,92.07927703857422,-11.142889976501465,1306,460,0.17250943369961125,0.002369479979790992,0.0006019591279693554,1.9297170825634056e-05,-3.757256124707287e-10,-1.607748525545321e-07,2.0455918266927357e-09,"[[1308, 408], [1307, 409], [1303, 409], [1302, 410], [1299, 410], [1298, 411], [1297, 411], [1296, 412], [1294, 412], [1293, 413], [1290, 413], [1289, 414], [1287, 414], [1284, 417], [1283, 417], [1280, 420], [1279, 420], [1278, 421], [1277, 421], [1276, 422], [1275, 422], [1274, 423], [1274, 424], [1273, 425], [1273, 426], [1271, 428], [1271, 429], [1270, 430], [1270, 432], [1268, 434], [1266, 434], [1265, 435], [1265, 436], [1264, 437], [1264, 440], [1263, 441], [1263, 444], [1262, 445], [1262, 446], [1261, 447], [1261, 448], [1260, 449], [1260, 450], [1258, 452], [1258, 453], [1256, 455], [1256, 456], [1255, 457], [1255, 458], [1254, 459], [1254, 461], [1253, 462], [1253, 463], [1252, 464], [1252, 466], [1251, 467], [1251, 468], [1250, 469], [1250, 474], [1249, 475], [1249, 477], [1248, 478], [1248, 494], [1249, 495], [1249, 497], [1250, 498], [1250, 500], [1254, 504], [1254, 505], [1256, 507], [1258, 507], [1259, 508], [1274, 508], [1275, 507], [1280, 507], [1281, 506], [1285, 506], [1286, 505], [1292, 505], [1293, 504], [1296, 504], [1297, 503], [1299, 503], [1300, 502], [1301, 502], [1302, 501], [1305, 501], [1306, 500], [1308, 500], [1309, 499], [1310, 499], [1311, 498], [1314, 498], [1315, 497], [1318, 497], [1319, 496], [1321, 496], [1322, 495], [1325, 495], [1326, 494], [1329, 494], [1330, 493], [1334, 493], [1335, 492], [1358, 492], [1359, 491], [1360, 491], [1363, 488], [1363, 487], [1364, 486], [1364, 483], [1365, 482], [1365, 459], [1364, 458], [1364, 456], [1363, 455], [1363, 452], [1362, 451], [1362, 448], [1361, 447], [1361, 443], [1359, 441], [1359, 439], [1358, 438], [1358, 437], [1357, 436], [1357, 434], [1349, 426], [1349, 425], [1348, 424], [1347, 424], [1343, 420], [1342, 420], [1339, 417], [1338, 417], [1337, 416], [1336, 416], [1335, 415], [1334, 415], [1333, 414], [1331, 414], [1330, 413], [1328, 413], [1327, 412], [1325, 412], [1324, 411], [1323, 411], [1322, 410], [1319, 410], [1318, 409], [1314, 409], [1313, 408]]","[[1251, 512], [1233, 422], [1353, 399], [1370, 489]]",0.99729025,pixels
34,MHR.7997.jpg,orifice,129.15087890625,102.410400390625,9029.5,384.14927530288696,0.9696107382550335,0.7689064958270955,0.6878150773856477,130.82106018066406,89.98069763183594,-16.630952835083008,1345,873,0.17743102578920208,0.003939426960594316,0.0006565603663449171,2.2978656311101036e-05,-1.5450641003546232e-09,-6.792232865808755e-07,-2.3619754945037202e-09,"[[1338, 826], [1337, 827], [1331, 827], [1330, 828], [1326, 828], [1325, 829], [1322, 829], [1321, 830], [1320, 830], [1319, 831], [1318, 831], [1317, 832], [1315, 832], [1314, 833], [1313, 833], [1312, 834], [1311, 834], [1309, 836], [1308, 836], [1302, 842], [1301, 842], [1300, 843], [1300, 844], [1299, 845], [1299, 846], [1298, 847], [1298, 848], [1295, 851], [1295, 852], [1294, 853], [1294, 855], [1293, 856], [1293, 858], [1291, 860], [1291, 862], [1290, 863], [1290, 865], [1289, 866], [1289, 870], [1288, 871], [1288, 879], [1289, 880], [1289, 884], [1290, 885], [1290, 897], [1291, 898], [1291, 909], [1292, 910], [1292, 913], [1293, 914], [1293, 915], [1294, 916], [1294, 917], [1296, 919], [1297, 919], [1301, 923], [1302, 923], [1303, 924], [1309, 924], [1310, 925], [1315, 925], [1316, 924], [1318, 924], [1319, 923], [1320, 923], [1321, 922], [1322, 922], [1323, 921], [1324, 921], [1329, 916], [1330, 916], [1331, 915], [1332, 915], [1333, 914], [1335, 914], [1336, 913], [1337, 913], [1338, 912], [1345, 912], [1346, 911], [1353, 911], [1354, 910], [1359, 910], [1360, 909], [1365, 909], [1366, 908], [1368, 908], [1369, 907], [1373, 907], [1374, 906], [1377, 906], [1378, 905], [1380, 905], [1381, 904], [1384, 904], [1385, 903], [1388, 903], [1389, 902], [1392, 902], [1393, 901], [1394, 901], [1395, 900], [1398, 900], [1399, 899], [1401, 899], [1402, 898], [1404, 898], [1405, 897], [1407, 897], [1408, 896], [1409, 896], [1410, 895], [1411, 895], [1411, 894], [1412, 893], [1412, 890], [1413, 889], [1413, 861], [1412, 860], [1412, 859], [1408, 855], [1407, 855], [1404, 852], [1403, 852], [1401, 850], [1400, 850], [1398, 848], [1397, 848], [1396, 847], [1395, 847], [1394, 846], [1392, 846], [1391, 845], [1390, 845], [1388, 843], [1387, 843], [1386, 842], [1385, 842], [1384, 841], [1383, 841], [1382, 840], [1381, 840], [1379, 838], [1377, 838], [1376, 837], [1375, 837], [1374, 836], [1373, 836], [1371, 834], [1370, 834], [1369, 833], [1367, 833], [1366, 832], [1365, 832], [1364, 831], [1362, 831], [1361, 830], [1360, 830], [1359, 829], [1358, 829], [1357, 828], [1355, 828], [1354, 827], [1348, 827], [1347, 826]]","[[1297, 930], [1271, 844], [1396, 806], [1422, 892]]",0.9972108,pixels
35,MHR.7997.jpg,orifice,131.1265869140625,106.7694091796875,8900.5,385.9482651948929,0.9686037653716401,0.7508722981456506,0.6403819774371452,133.2067108154297,85.30317687988281,-19.09349250793457,1616,1009,0.18049847663896623,0.005296758806411241,0.0006378072156353127,2.7128393028862573e-05,-7.707957945181386e-10,-7.761841151608228e-07,3.4842186629855496e-09,"[[1619, 959], [1618, 960], [1613, 960], [1611, 962], [1610, 962], [1608, 964], [1607, 964], [1606, 965], [1601, 965], [1600, 966], [1596, 966], [1595, 967], [1594, 967], [1593, 968], [1592, 968], [1589, 971], [1588, 971], [1587, 972], [1585, 972], [1584, 973], [1583, 973], [1581, 975], [1581, 976], [1578, 979], [1577, 979], [1577, 981], [1573, 985], [1573, 986], [1572, 987], [1572, 997], [1571, 998], [1571, 1002], [1570, 1003], [1570, 1005], [1568, 1007], [1567, 1007], [1562, 1012], [1562, 1013], [1558, 1017], [1558, 1019], [1557, 1020], [1557, 1021], [1556, 1022], [1556, 1024], [1555, 1025], [1555, 1027], [1554, 1028], [1554, 1037], [1555, 1038], [1555, 1041], [1556, 1042], [1556, 1043], [1557, 1044], [1557, 1047], [1558, 1048], [1558, 1049], [1568, 1059], [1570, 1059], [1571, 1060], [1583, 1060], [1584, 1059], [1585, 1059], [1586, 1058], [1587, 1058], [1588, 1057], [1589, 1057], [1590, 1056], [1592, 1056], [1593, 1055], [1594, 1055], [1595, 1054], [1596, 1054], [1597, 1053], [1599, 1053], [1600, 1052], [1602, 1052], [1603, 1051], [1605, 1051], [1606, 1050], [1609, 1050], [1610, 1049], [1614, 1049], [1615, 1048], [1616, 1048], [1617, 1047], [1619, 1047], [1620, 1046], [1624, 1046], [1625, 1045], [1627, 1045], [1628, 1044], [1630, 1044], [1631, 1043], [1634, 1043], [1635, 1042], [1636, 1042], [1637, 1041], [1638, 1041], [1639, 1040], [1640, 1040], [1641, 1039], [1643, 1039], [1644, 1038], [1648, 1038], [1649, 1037], [1651, 1037], [1652, 1036], [1654, 1036], [1655, 1035], [1657, 1035], [1658, 1034], [1660, 1034], [1661, 1033], [1662, 1033], [1663, 1032], [1665, 1032], [1666, 1031], [1668, 1031], [1669, 1030], [1670, 1030], [1671, 1029], [1672, 1029], [1673, 1028], [1674, 1028], [1675, 1027], [1676, 1027], [1677, 1026], [1678, 1026], [1679, 1025], [1680, 1025], [1681, 1024], [1681, 1022], [1682, 1021], [1682, 1001], [1681, 1000], [1681, 998], [1680, 997], [1680, 996], [1679, 995], [1679, 994], [1678, 993], [1678, 991], [1676, 989], [1676, 988], [1674, 986], [1674, 985], [1671, 982], [1671, 981], [1670, 981], [1669, 980], [1669, 979], [1666, 976], [1665, 976], [1660, 971], [1659, 971], [1658, 970], [1656, 970], [1655, 969], [1653, 969], [1652, 968], [1650, 968], [1649, 967], [1648, 967], [1647, 966], [1645, 966], [1643, 964], [1641, 964], [1639, 962], [1639, 960], [1631, 960], [1630, 959]]","[[1564, 1067], [1536, 986], [1661, 943], [1689, 1023]]",0.996899,pixels
36,MHR.7997.jpg,orifice,119.2303466796875,102.012939453125,8327.5,360.835568189621,0.9675826410271307,0.8037219422962075,0.7326475477569317,118.19691467285156,86.5966796875,-89.34893798828125,1667,633,0.17502645420966345,0.0033546773094536154,0.0005097592077107208,1.954829525543046e-05,-1.9494605260057426e-09,-1.1294570347425143e-06,8.693758682927436e-11,"[[1662, 586], [1661, 587], [1655, 587], [1654, 588], [1652, 588], [1651, 589], [1649, 589], [1648, 590], [1646, 590], [1645, 591], [1644, 591], [1643, 592], [1642, 592], [1639, 595], [1638, 595], [1636, 597], [1635, 597], [1632, 600], [1631, 600], [1627, 604], [1626, 604], [1617, 613], [1617, 614], [1616, 615], [1616, 616], [1614, 618], [1614, 619], [1612, 621], [1612, 622], [1611, 623], [1611, 625], [1610, 626], [1610, 627], [1609, 628], [1609, 630], [1608, 631], [1608, 643], [1607, 644], [1607, 651], [1608, 652], [1608, 659], [1609, 660], [1609, 661], [1616, 668], [1617, 668], [1618, 669], [1619, 669], [1621, 671], [1623, 671], [1624, 672], [1634, 672], [1635, 671], [1636, 671], [1637, 670], [1638, 670], [1639, 669], [1641, 669], [1642, 668], [1645, 668], [1646, 667], [1655, 667], [1656, 668], [1664, 668], [1665, 669], [1674, 669], [1675, 670], [1683, 670], [1684, 671], [1698, 671], [1699, 672], [1711, 672], [1712, 673], [1716, 673], [1717, 672], [1719, 672], [1720, 671], [1721, 671], [1724, 668], [1724, 663], [1725, 662], [1725, 629], [1724, 628], [1724, 625], [1723, 624], [1723, 623], [1722, 622], [1722, 621], [1721, 620], [1721, 618], [1720, 617], [1720, 616], [1718, 614], [1718, 613], [1709, 604], [1708, 604], [1706, 602], [1705, 602], [1702, 599], [1701, 599], [1698, 596], [1697, 596], [1694, 593], [1693, 593], [1692, 592], [1691, 592], [1690, 591], [1689, 591], [1688, 590], [1687, 590], [1686, 589], [1685, 589], [1684, 588], [1682, 588], [1681, 587], [1678, 587], [1677, 586]]","[[1724, 673], [1606, 671], [1607, 585], [1725, 586]]",0.9968929,pixels
37,MHR.7997.jpg,orifice,103.9356689453125,105.1986083984375,8287.0,340.04877173900604,0.9903202676864244,0.9005851507640033,1.0,102.0,102.0,-90.0,1360,1372,0.16052338597375854,0.00024368051725874663,4.422110855226666e-05,1.1661467613155683e-07,-1.2404306569481727e-15,-3.157167781321091e-11,-2.648133430555187e-13,"[[1366, 1322], [1365, 1323], [1352, 1323], [1351, 1324], [1347, 1324], [1346, 1325], [1345, 1325], [1344, 1326], [1343, 1326], [1342, 1327], [1340, 1327], [1339, 1328], [1338, 1328], [1336, 1330], [1335, 1330], [1333, 1332], [1332, 1332], [1329, 1335], [1328, 1335], [1327, 1336], [1326, 1336], [1323, 1339], [1322, 1339], [1313, 1348], [1313, 1349], [1312, 1350], [1312, 1353], [1311, 1354], [1311, 1372], [1310, 1373], [1310, 1383], [1311, 1384], [1311, 1389], [1312, 1390], [1312, 1393], [1313, 1394], [1313, 1395], [1314, 1396], [1314, 1397], [1315, 1398], [1315, 1399], [1320, 1404], [1320, 1405], [1321, 1406], [1321, 1407], [1335, 1421], [1336, 1421], [1337, 1422], [1339, 1422], [1340, 1423], [1350, 1423], [1351, 1424], [1370, 1424], [1371, 1423], [1374, 1423], [1375, 1422], [1376, 1422], [1377, 1421], [1378, 1421], [1379, 1420], [1380, 1420], [1389, 1411], [1389, 1410], [1393, 1406], [1393, 1405], [1395, 1403], [1395, 1402], [1398, 1399], [1398, 1398], [1403, 1393], [1403, 1392], [1406, 1389], [1406, 1388], [1409, 1385], [1409, 1384], [1411, 1382], [1411, 1380], [1412, 1379], [1412, 1349], [1411, 1348], [1411, 1347], [1410, 1346], [1410, 1345], [1408, 1343], [1408, 1342], [1405, 1339], [1405, 1338], [1402, 1335], [1401, 1335], [1397, 1331], [1396, 1331], [1395, 1330], [1394, 1330], [1393, 1329], [1392, 1329], [1391, 1328], [1390, 1328], [1389, 1327], [1387, 1327], [1386, 1326], [1385, 1326], [1384, 1325], [1382, 1325], [1381, 1324], [1377, 1324], [1376, 1323], [1368, 1323], [1367, 1322]]","[[1412, 1424], [1310, 1424], [1310, 1322], [1412, 1322]]",0.9950563,pixels
38,MHR.7997.jpg,orifice,130.1484375,81.96614074707031,8239.0,366.3086565732956,0.9848195075304805,0.7715960627566423,0.6015625,128.0,77.0,-90.0,1654,241,0.18750426217423938,0.008158588811078178,0.000490648583693586,2.7448280504374135e-05,-2.719525104621927e-09,-2.2011168974748333e-06,1.6585164023815538e-09,"[[1651, 199], [1650, 200], [1643, 200], [1642, 201], [1639, 201], [1638, 202], [1636, 202], [1635, 203], [1631, 203], [1630, 204], [1629, 204], [1628, 205], [1626, 205], [1625, 206], [1623, 206], [1622, 207], [1621, 207], [1620, 208], [1619, 208], [1618, 209], [1616, 209], [1615, 210], [1614, 210], [1613, 211], [1612, 211], [1610, 213], [1609, 213], [1602, 220], [1602, 221], [1598, 225], [1598, 226], [1597, 227], [1597, 229], [1596, 230], [1596, 231], [1594, 233], [1594, 234], [1593, 235], [1593, 236], [1592, 237], [1592, 239], [1591, 240], [1591, 242], [1590, 243], [1590, 245], [1589, 246], [1589, 268], [1590, 269], [1590, 270], [1591, 270], [1593, 272], [1596, 272], [1597, 273], [1605, 273], [1606, 274], [1630, 274], [1631, 273], [1641, 273], [1642, 274], [1657, 274], [1658, 275], [1663, 275], [1664, 276], [1706, 276], [1707, 275], [1712, 275], [1713, 274], [1714, 274], [1716, 272], [1716, 270], [1717, 269], [1717, 239], [1716, 238], [1716, 235], [1715, 234], [1715, 233], [1713, 231], [1713, 230], [1712, 229], [1712, 228], [1711, 227], [1711, 226], [1710, 226], [1709, 225], [1709, 224], [1708, 223], [1708, 222], [1707, 221], [1707, 220], [1702, 215], [1701, 215], [1696, 210], [1695, 210], [1694, 209], [1693, 209], [1692, 208], [1691, 208], [1689, 206], [1688, 206], [1687, 205], [1685, 205], [1684, 204], [1683, 204], [1682, 203], [1678, 203], [1677, 202], [1675, 202], [1674, 201], [1671, 201], [1670, 200], [1663, 200], [1662, 199]]","[[1717, 276], [1589, 276], [1589, 199], [1717, 199]]",0.99474674,pixels
39,MHR.7997.jpg,orifice,131.9454345703125,91.3245849609375,8064.5,371.37972354888916,0.9346352204902358,0.7347691826940635,0.6448598176945247,123.72472381591797,79.78510284423828,-4.573921203613281,971,306,0.18763636181183233,0.007492936156631399,0.0004974032933113149,3.289201752331966e-05,-4.1672840826389635e-09,-2.830724446348356e-06,-5.779496262103277e-10,"[[963, 265], [962, 266], [954, 266], [953, 267], [950, 267], [949, 268], [947, 268], [946, 269], [945, 269], [944, 270], [943, 270], [942, 271], [941, 271], [940, 272], [938, 272], [937, 273], [936, 273], [935, 274], [934, 274], [931, 277], [930, 277], [923, 284], [923, 285], [919, 289], [919, 290], [916, 293], [916, 294], [915, 295], [915, 297], [914, 298], [914, 300], [913, 301], [913, 303], [912, 304], [912, 309], [911, 310], [911, 330], [912, 331], [912, 335], [913, 336], [913, 339], [914, 340], [914, 342], [915, 343], [915, 344], [917, 346], [918, 346], [919, 347], [922, 347], [923, 348], [926, 348], [927, 347], [929, 347], [930, 346], [932, 346], [933, 345], [936, 345], [937, 344], [942, 344], [943, 343], [947, 343], [948, 342], [954, 342], [955, 341], [958, 341], [959, 340], [962, 340], [963, 339], [967, 339], [968, 338], [975, 338], [976, 337], [987, 337], [988, 336], [1007, 336], [1008, 337], [1011, 337], [1012, 338], [1014, 338], [1015, 339], [1018, 339], [1019, 340], [1026, 340], [1027, 339], [1029, 339], [1031, 337], [1031, 336], [1032, 335], [1032, 333], [1033, 332], [1033, 331], [1034, 330], [1034, 322], [1033, 321], [1033, 315], [1032, 314], [1032, 291], [1031, 290], [1031, 288], [1029, 286], [1027, 286], [1026, 285], [1024, 285], [1018, 279], [1017, 279], [1016, 278], [1015, 278], [1014, 277], [1014, 276], [1013, 275], [1013, 273], [1012, 272], [1012, 271], [1011, 270], [1010, 270], [1009, 269], [1006, 269], [1005, 268], [997, 268], [996, 267], [986, 267], [985, 266], [965, 266], [964, 265]]","[[912, 349], [906, 269], [1029, 259], [1035, 339]]",0.9943094,pixels
40,MHR.7997.jpg,orifice,98.552490234375,110.4571533203125,8061.0,349.62236404418945,0.9883521333987249,0.8287057935888037,0.9134615257646892,103.99998474121094,94.99998474121094,-90.0,839,1724,0.1653668753931954,0.00027865222190349027,0.0004563969914369377,4.006090998738196e-06,-3.8842706445380095e-11,2.5247719523449532e-08,-1.6683611943593918e-10,"[[856, 1669], [855, 1670], [853, 1670], [852, 1671], [849, 1671], [848, 1672], [846, 1672], [845, 1673], [843, 1673], [842, 1674], [839, 1674], [838, 1675], [836, 1675], [835, 1676], [831, 1676], [830, 1677], [829, 1677], [828, 1678], [827, 1678], [826, 1679], [825, 1679], [824, 1680], [823, 1680], [821, 1682], [820, 1682], [819, 1683], [818, 1683], [817, 1684], [816, 1684], [813, 1687], [812, 1687], [808, 1691], [807, 1691], [795, 1703], [795, 1704], [794, 1705], [794, 1707], [792, 1709], [792, 1711], [791, 1712], [791, 1714], [789, 1716], [789, 1719], [788, 1720], [788, 1724], [787, 1725], [787, 1738], [788, 1739], [788, 1744], [789, 1745], [789, 1746], [790, 1747], [790, 1748], [791, 1749], [791, 1750], [792, 1751], [792, 1752], [799, 1759], [799, 1760], [800, 1760], [802, 1762], [803, 1762], [804, 1763], [805, 1763], [807, 1765], [808, 1765], [809, 1766], [811, 1766], [812, 1767], [813, 1767], [814, 1768], [816, 1768], [817, 1769], [821, 1769], [822, 1770], [823, 1770], [824, 1771], [830, 1771], [831, 1772], [843, 1772], [844, 1773], [867, 1773], [868, 1772], [872, 1772], [873, 1771], [875, 1771], [876, 1770], [877, 1770], [881, 1766], [881, 1764], [882, 1763], [882, 1722], [881, 1721], [881, 1713], [880, 1712], [880, 1706], [879, 1705], [879, 1704], [880, 1703], [880, 1701], [879, 1700], [879, 1693], [878, 1692], [878, 1683], [877, 1682], [877, 1673], [876, 1673], [875, 1672], [874, 1672], [873, 1671], [872, 1671], [871, 1670], [868, 1670], [867, 1669]]","[[882, 1773], [787, 1773], [787, 1669], [882, 1669]]",0.990846,pixels
41,MHR.7997.jpg,orifice,107.95306396484375,105.4425048828125,7050.0,344.39191591739655,0.9403761504601841,0.7469526700561699,0.9270071847440231,99.19628143310547,91.9556655883789,-20.820892333984375,1045,714,0.1673441969223698,0.00023397426208475377,0.0005118749784539738,7.866156070524979e-06,-4.95463746722189e-10,-1.0816924182710526e-07,-6.050068096993384e-11,"[[1033, 667], [1032, 668], [1028, 668], [1027, 669], [1026, 669], [1025, 670], [1024, 670], [1023, 671], [1022, 671], [1021, 672], [1020, 672], [1017, 675], [1016, 675], [1015, 676], [1015, 677], [1011, 681], [1011, 682], [1009, 684], [1009, 685], [1007, 687], [1007, 689], [1005, 691], [1005, 694], [1004, 695], [1004, 700], [1005, 700], [1007, 702], [1007, 703], [1004, 706], [1004, 710], [1003, 711], [1003, 714], [1002, 715], [1002, 719], [1001, 720], [1001, 723], [1000, 724], [1000, 733], [1001, 734], [1001, 736], [1002, 737], [1002, 741], [1003, 742], [1003, 744], [1004, 745], [1004, 746], [1005, 747], [1005, 748], [1007, 750], [1007, 751], [1008, 752], [1008, 753], [1013, 758], [1013, 759], [1015, 761], [1015, 762], [1017, 764], [1017, 765], [1018, 766], [1019, 766], [1020, 767], [1026, 767], [1027, 766], [1029, 766], [1032, 763], [1033, 763], [1037, 759], [1038, 759], [1040, 757], [1042, 757], [1043, 756], [1044, 756], [1045, 755], [1046, 755], [1047, 754], [1049, 754], [1050, 753], [1051, 753], [1052, 752], [1054, 752], [1056, 750], [1057, 750], [1058, 749], [1061, 749], [1062, 748], [1067, 748], [1069, 746], [1070, 746], [1074, 742], [1076, 742], [1078, 740], [1080, 740], [1081, 739], [1084, 739], [1085, 738], [1095, 738], [1096, 739], [1100, 739], [1101, 738], [1101, 723], [1100, 722], [1100, 720], [1098, 718], [1098, 717], [1097, 716], [1097, 715], [1096, 714], [1096, 713], [1093, 710], [1093, 709], [1091, 707], [1091, 706], [1090, 705], [1090, 704], [1088, 702], [1088, 701], [1087, 700], [1087, 699], [1086, 698], [1086, 697], [1084, 695], [1084, 693], [1083, 692], [1083, 690], [1081, 688], [1081, 687], [1079, 685], [1079, 684], [1078, 683], [1078, 682], [1077, 681], [1077, 680], [1076, 679], [1076, 678], [1075, 677], [1075, 676], [1074, 675], [1074, 674], [1073, 673], [1073, 672], [1071, 670], [1065, 670], [1064, 669], [1057, 669], [1056, 668], [1050, 668], [1049, 667]]","[[1013, 771], [980, 685], [1073, 650], [1106, 736]]",0.98719496,pixels
42,MHR.7997.jpg,orifice,102.745361328125,108.226318359375,8007.0,379.2792183160782,0.9350148887721142,0.699457929607501,0.8857142857142857,105.0,93.0,-90.0,504,1530,0.16916911721558087,0.0015945227280846305,9.310049094157126e-05,1.1476543728917096e-06,-4.211772030864343e-12,-4.536161444118296e-08,-1.1090109679800006e-11,"[[503, 1476], [502, 1477], [498, 1477], [497, 1478], [495, 1478], [494, 1479], [493, 1479], [492, 1480], [491, 1480], [490, 1481], [488, 1481], [487, 1482], [486, 1482], [484, 1484], [483, 1484], [482, 1485], [480, 1485], [479, 1486], [477, 1486], [476, 1487], [475, 1487], [473, 1489], [471, 1489], [470, 1490], [468, 1490], [465, 1493], [464, 1493], [463, 1494], [461, 1494], [461, 1495], [462, 1495], [463, 1496], [464, 1496], [465, 1497], [466, 1497], [467, 1498], [467, 1502], [466, 1503], [465, 1503], [465, 1504], [464, 1505], [464, 1507], [465, 1508], [465, 1510], [466, 1510], [467, 1511], [467, 1527], [466, 1528], [466, 1531], [467, 1532], [467, 1533], [465, 1535], [465, 1536], [464, 1537], [464, 1538], [465, 1539], [465, 1542], [464, 1543], [464, 1545], [463, 1546], [463, 1547], [462, 1548], [460, 1546], [460, 1545], [459, 1544], [458, 1544], [457, 1545], [457, 1546], [458, 1547], [458, 1549], [457, 1550], [457, 1551], [456, 1552], [456, 1554], [457, 1555], [457, 1556], [453, 1560], [455, 1562], [455, 1563], [456, 1564], [456, 1568], [458, 1570], [458, 1571], [459, 1572], [461, 1572], [466, 1577], [470, 1577], [472, 1579], [476, 1579], [477, 1580], [490, 1580], [491, 1581], [500, 1581], [501, 1580], [531, 1580], [532, 1579], [533, 1579], [535, 1577], [536, 1577], [538, 1575], [538, 1574], [541, 1571], [541, 1569], [542, 1568], [542, 1566], [543, 1565], [543, 1563], [544, 1562], [544, 1558], [545, 1557], [545, 1551], [546, 1550], [546, 1535], [545, 1534], [545, 1513], [546, 1512], [546, 1505], [545, 1504], [545, 1501], [544, 1500], [544, 1498], [543, 1497], [543, 1493], [542, 1492], [542, 1490], [540, 1488], [540, 1487], [539, 1486], [539, 1484], [538, 1483], [538, 1482], [536, 1480], [536, 1479], [535, 1478], [532, 1478], [531, 1477], [527, 1477], [526, 1476]]","[[546, 1581], [453, 1581], [453, 1476], [546, 1476]]",0.9866731,pixels
43,MHR.7997.jpg,orifice,90.85107421875,79.603759765625,4614.0,274.4507907629013,0.9797218388363945,0.7697655686352647,0.5892856707657007,100.17584228515625,59.032188415527344,-26.565052032470703,1814,2226,0.18420960251691437,0.007266193600221217,0.00043394813063811743,2.2350384605240916e-05,-1.007427655007333e-09,-1.2129422024085327e-06,1.957058722783566e-09,"[[1818, 2192], [1817, 2193], [1812, 2193], [1811, 2194], [1809, 2194], [1808, 2195], [1807, 2195], [1806, 2196], [1804, 2196], [1803, 2197], [1802, 2197], [1801, 2198], [1799, 2198], [1798, 2199], [1797, 2199], [1794, 2202], [1793, 2202], [1791, 2204], [1790, 2204], [1789, 2205], [1788, 2205], [1785, 2208], [1785, 2209], [1784, 2210], [1784, 2211], [1780, 2215], [1780, 2216], [1779, 2217], [1779, 2219], [1778, 2220], [1778, 2223], [1777, 2224], [1777, 2226], [1776, 2227], [1776, 2228], [1775, 2229], [1775, 2233], [1774, 2234], [1774, 2236], [1773, 2237], [1773, 2255], [1774, 2256], [1774, 2260], [1775, 2261], [1775, 2263], [1777, 2265], [1781, 2265], [1782, 2266], [1787, 2266], [1788, 2265], [1795, 2265], [1796, 2264], [1798, 2264], [1799, 2263], [1801, 2263], [1802, 2262], [1803, 2262], [1806, 2259], [1807, 2259], [1808, 2258], [1809, 2258], [1811, 2256], [1812, 2256], [1813, 2255], [1814, 2255], [1815, 2254], [1817, 2254], [1818, 2253], [1819, 2253], [1820, 2252], [1822, 2252], [1823, 2251], [1825, 2251], [1827, 2249], [1828, 2249], [1830, 2247], [1832, 2247], [1833, 2246], [1834, 2246], [1835, 2245], [1837, 2245], [1838, 2244], [1839, 2244], [1841, 2242], [1842, 2242], [1843, 2241], [1845, 2241], [1846, 2240], [1847, 2240], [1848, 2239], [1849, 2239], [1850, 2238], [1851, 2238], [1853, 2236], [1854, 2236], [1856, 2234], [1857, 2234], [1859, 2232], [1859, 2231], [1861, 2229], [1861, 2224], [1862, 2223], [1862, 2218], [1861, 2217], [1861, 2211], [1860, 2210], [1860, 2209], [1859, 2208], [1859, 2207], [1853, 2201], [1852, 2201], [1848, 2197], [1847, 2197], [1846, 2196], [1845, 2196], [1843, 2194], [1841, 2194], [1840, 2193], [1837, 2193], [1836, 2192]]","[[1780, 2273], [1753, 2220], [1843, 2175], [1869, 2228]]",0.9862032,pixels
44,MHR.7997.jpg,orifice,102.99798583984375,117.6297607421875,8126.0,353.220342874527,0.9759788613980303,0.8184558674492224,0.6966420851939443,121.16912841796875,84.41151428222656,-65.40988159179688,778,1279,0.17226149388173975,0.0038148098625986992,6.085886464720229e-05,2.3994893393942346e-06,-1.616228711540251e-11,-6.290348774297894e-08,-2.4073979783546047e-11,"[[786, 1223], [785, 1224], [779, 1224], [778, 1225], [777, 1225], [776, 1226], [775, 1226], [774, 1227], [772, 1227], [771, 1228], [770, 1228], [766, 1232], [766, 1233], [765, 1234], [764, 1234], [759, 1239], [759, 1240], [755, 1244], [754, 1244], [753, 1245], [753, 1246], [748, 1251], [747, 1251], [745, 1253], [745, 1254], [739, 1260], [739, 1261], [738, 1262], [738, 1264], [736, 1266], [736, 1269], [735, 1270], [735, 1273], [734, 1274], [734, 1275], [731, 1278], [731, 1305], [732, 1306], [732, 1307], [733, 1308], [733, 1310], [734, 1311], [734, 1312], [735, 1313], [735, 1315], [736, 1316], [736, 1317], [737, 1318], [737, 1319], [738, 1320], [738, 1321], [739, 1322], [739, 1323], [740, 1324], [740, 1325], [742, 1327], [743, 1327], [744, 1328], [746, 1328], [748, 1330], [749, 1330], [750, 1331], [751, 1331], [752, 1332], [753, 1332], [754, 1333], [755, 1333], [756, 1334], [762, 1334], [763, 1335], [789, 1335], [790, 1334], [795, 1334], [796, 1333], [797, 1333], [799, 1331], [799, 1330], [800, 1329], [800, 1324], [801, 1323], [801, 1321], [802, 1320], [802, 1316], [803, 1315], [803, 1314], [804, 1313], [804, 1312], [805, 1311], [805, 1309], [806, 1308], [806, 1307], [807, 1306], [807, 1304], [810, 1301], [810, 1300], [812, 1298], [812, 1297], [813, 1296], [813, 1295], [814, 1294], [814, 1293], [815, 1292], [815, 1291], [817, 1289], [817, 1288], [818, 1287], [818, 1286], [819, 1285], [819, 1284], [820, 1283], [820, 1282], [821, 1281], [821, 1280], [823, 1278], [823, 1277], [824, 1276], [824, 1274], [825, 1273], [825, 1272], [827, 1270], [827, 1268], [828, 1267], [828, 1265], [829, 1264], [829, 1251], [828, 1250], [828, 1248], [827, 1247], [827, 1245], [825, 1243], [825, 1242], [821, 1238], [821, 1237], [818, 1234], [818, 1233], [816, 1231], [816, 1230], [815, 1230], [812, 1227], [811, 1227], [809, 1225], [807, 1225], [806, 1224], [803, 1224], [802, 1223]]","[[790, 1349], [713, 1314], [764, 1204], [840, 1239]]",0.9814338,pixels
45,MHR.7997.jpg,orifice,101.0164794921875,93.4263916015625,6610.5,391.8061293363571,0.9206183413411322,0.5411301376143305,0.9278350515463918,97.0,90.0,-90.0,1788,1306,0.16965912458201782,0.0007200745128262999,0.00032087721239205415,6.901193454129766e-06,3.0384629821201106e-10,5.8822154830302166e-08,1.1464373405193087e-10,"[[1797, 1260], [1795, 1262], [1795, 1263], [1796, 1264], [1803, 1264], [1804, 1265], [1805, 1264], [1809, 1264], [1810, 1265], [1810, 1268], [1808, 1270], [1806, 1270], [1805, 1269], [1803, 1269], [1802, 1270], [1800, 1270], [1798, 1268], [1797, 1268], [1794, 1271], [1792, 1271], [1791, 1270], [1790, 1270], [1789, 1269], [1785, 1269], [1784, 1268], [1782, 1268], [1781, 1267], [1780, 1267], [1779, 1266], [1779, 1265], [1781, 1263], [1778, 1263], [1778, 1266], [1777, 1267], [1775, 1267], [1774, 1266], [1774, 1265], [1769, 1265], [1768, 1266], [1766, 1266], [1763, 1269], [1762, 1269], [1760, 1271], [1759, 1271], [1758, 1272], [1757, 1272], [1755, 1274], [1754, 1274], [1753, 1275], [1753, 1276], [1752, 1277], [1751, 1277], [1746, 1282], [1746, 1283], [1743, 1286], [1742, 1286], [1742, 1287], [1741, 1288], [1741, 1292], [1740, 1293], [1740, 1295], [1739, 1296], [1739, 1297], [1740, 1298], [1740, 1300], [1739, 1301], [1739, 1304], [1740, 1305], [1740, 1310], [1739, 1311], [1739, 1320], [1740, 1321], [1740, 1323], [1741, 1324], [1741, 1325], [1742, 1326], [1742, 1327], [1743, 1328], [1743, 1329], [1746, 1332], [1747, 1332], [1749, 1334], [1750, 1334], [1752, 1336], [1753, 1336], [1754, 1337], [1756, 1337], [1757, 1338], [1760, 1338], [1761, 1339], [1764, 1339], [1765, 1340], [1768, 1340], [1769, 1341], [1775, 1341], [1776, 1342], [1781, 1342], [1782, 1343], [1788, 1343], [1789, 1344], [1793, 1344], [1794, 1345], [1797, 1345], [1798, 1346], [1800, 1346], [1801, 1347], [1805, 1347], [1806, 1348], [1808, 1348], [1809, 1349], [1813, 1349], [1814, 1350], [1834, 1350], [1835, 1349], [1836, 1349], [1835, 1348], [1835, 1343], [1834, 1342], [1834, 1341], [1833, 1340], [1833, 1339], [1832, 1338], [1832, 1336], [1831, 1335], [1831, 1334], [1829, 1332], [1829, 1331], [1828, 1330], [1828, 1329], [1827, 1328], [1827, 1327], [1826, 1326], [1826, 1322], [1825, 1321], [1825, 1319], [1826, 1318], [1826, 1317], [1827, 1316], [1827, 1315], [1829, 1313], [1829, 1311], [1830, 1310], [1830, 1309], [1831, 1308], [1831, 1307], [1832, 1306], [1832, 1303], [1833, 1302], [1833, 1297], [1834, 1296], [1834, 1289], [1833, 1288], [1833, 1282], [1832, 1281], [1832, 1280], [1831, 1279], [1831, 1278], [1830, 1277], [1830, 1276], [1828, 1274], [1827, 1274], [1824, 1271], [1823, 1271], [1821, 1269], [1820, 1269], [1819, 1268], [1815, 1268], [1813, 1266], [1813, 1263], [1812, 1263], [1811, 1262], [1808, 1262], [1807, 1261], [1806, 1261], [1805, 1260]]","[[1836, 1350], [1739, 1350], [1739, 1260], [1836, 1260]]",0.9796141,pixels
46,MHR.7997.jpg,orifice,135.5654296875,112.025390625,9299.0,390.6173108816147,0.9582152609614096,0.7658489829605551,0.7493318884658497,125.62989807128906,94.13848876953125,-67.91282653808594,431,2317,0.17305287242445164,0.002619553151982839,0.0003699849489554393,1.6156619029416484e-05,-8.767018734111746e-10,-6.923099616291813e-07,8.898271051455104e-10,"[[407, 2262], [406, 2263], [400, 2263], [396, 2267], [395, 2267], [391, 2271], [390, 2271], [384, 2277], [384, 2278], [382, 2280], [382, 2281], [380, 2283], [380, 2284], [379, 2285], [379, 2286], [378, 2287], [378, 2288], [377, 2289], [377, 2290], [376, 2291], [376, 2292], [375, 2293], [375, 2295], [374, 2296], [374, 2299], [373, 2300], [373, 2303], [372, 2304], [372, 2314], [373, 2315], [373, 2320], [374, 2321], [374, 2325], [375, 2326], [375, 2328], [377, 2330], [377, 2331], [378, 2332], [378, 2333], [380, 2335], [380, 2336], [383, 2339], [383, 2340], [384, 2341], [384, 2342], [389, 2347], [390, 2347], [395, 2352], [396, 2352], [397, 2353], [398, 2353], [399, 2354], [400, 2354], [401, 2355], [402, 2355], [405, 2358], [406, 2358], [407, 2359], [408, 2359], [411, 2362], [412, 2362], [414, 2364], [415, 2364], [417, 2366], [418, 2366], [419, 2367], [421, 2367], [422, 2368], [423, 2368], [424, 2369], [427, 2369], [428, 2370], [446, 2370], [447, 2369], [449, 2369], [450, 2368], [452, 2368], [453, 2367], [454, 2367], [455, 2366], [456, 2366], [458, 2364], [459, 2364], [460, 2363], [461, 2363], [462, 2362], [463, 2362], [466, 2359], [467, 2359], [484, 2342], [484, 2341], [489, 2336], [489, 2335], [492, 2332], [492, 2331], [496, 2327], [496, 2326], [498, 2324], [498, 2322], [499, 2321], [499, 2318], [500, 2317], [500, 2313], [499, 2312], [499, 2308], [498, 2307], [498, 2305], [497, 2304], [497, 2303], [493, 2299], [493, 2298], [490, 2295], [489, 2295], [487, 2293], [484, 2293], [483, 2292], [480, 2292], [479, 2291], [477, 2291], [476, 2290], [472, 2290], [470, 2288], [469, 2288], [468, 2287], [465, 2287], [464, 2288], [460, 2288], [459, 2287], [458, 2287], [456, 2289], [455, 2289], [454, 2290], [451, 2290], [449, 2288], [448, 2288], [447, 2287], [444, 2287], [443, 2286], [442, 2286], [441, 2285], [441, 2284], [440, 2283], [438, 2283], [436, 2281], [436, 2279], [435, 2278], [435, 2276], [434, 2275], [434, 2273], [433, 2273], [431, 2271], [430, 2271], [429, 2270], [426, 2270], [425, 2271], [424, 2271], [421, 2268], [421, 2267], [420, 2266], [419, 2266], [418, 2265], [416, 2265], [415, 2264], [414, 2264], [413, 2263], [411, 2263], [410, 2262]]","[[471, 2388], [355, 2341], [390, 2253], [507, 2301]]",0.97622764,pixels
47,MHR.7997.jpg,orifice,132.6395263671875,113.1971435546875,9170.5,389.4041086435318,0.9407570783750513,0.7599793996167191,0.9227351049551985,114.06742858886719,105.25402069091797,-54.7436408996582,1075,1458,0.17098429122870512,0.001189336389109981,0.0005532216145607582,1.3045811187882788e-05,1.263974299609419e-11,3.2270293891345755e-07,-1.1082250372367323e-09,"[[1084, 1412], [1083, 1413], [1066, 1413], [1065, 1414], [1061, 1414], [1060, 1415], [1056, 1415], [1055, 1416], [1051, 1416], [1050, 1417], [1048, 1417], [1046, 1419], [1045, 1419], [1044, 1420], [1043, 1420], [1042, 1421], [1041, 1421], [1040, 1422], [1039, 1422], [1033, 1428], [1032, 1428], [1026, 1434], [1026, 1435], [1019, 1442], [1019, 1443], [1018, 1444], [1018, 1446], [1017, 1447], [1017, 1450], [1016, 1451], [1016, 1453], [1015, 1454], [1015, 1462], [1016, 1463], [1016, 1466], [1017, 1467], [1017, 1471], [1018, 1472], [1018, 1475], [1020, 1477], [1020, 1478], [1021, 1479], [1021, 1480], [1022, 1481], [1022, 1482], [1026, 1486], [1026, 1487], [1028, 1489], [1028, 1490], [1029, 1491], [1030, 1491], [1031, 1492], [1032, 1492], [1034, 1494], [1035, 1494], [1036, 1495], [1037, 1495], [1038, 1496], [1040, 1496], [1041, 1497], [1042, 1497], [1044, 1499], [1045, 1499], [1047, 1501], [1048, 1501], [1049, 1502], [1050, 1502], [1052, 1504], [1053, 1504], [1054, 1505], [1055, 1505], [1058, 1508], [1059, 1508], [1063, 1512], [1064, 1512], [1066, 1514], [1067, 1514], [1069, 1516], [1070, 1516], [1071, 1517], [1073, 1517], [1074, 1518], [1075, 1518], [1076, 1519], [1080, 1519], [1081, 1520], [1086, 1520], [1087, 1519], [1091, 1519], [1092, 1518], [1093, 1518], [1097, 1514], [1097, 1511], [1099, 1509], [1099, 1508], [1101, 1506], [1101, 1504], [1102, 1503], [1102, 1502], [1103, 1501], [1103, 1498], [1102, 1497], [1102, 1493], [1103, 1492], [1103, 1487], [1104, 1486], [1104, 1485], [1106, 1483], [1107, 1483], [1111, 1479], [1111, 1478], [1112, 1477], [1112, 1474], [1113, 1473], [1113, 1471], [1116, 1468], [1117, 1468], [1119, 1466], [1120, 1466], [1121, 1465], [1122, 1465], [1123, 1464], [1125, 1464], [1127, 1462], [1128, 1462], [1129, 1461], [1130, 1461], [1131, 1460], [1132, 1460], [1133, 1459], [1134, 1459], [1135, 1458], [1136, 1458], [1138, 1456], [1138, 1455], [1139, 1454], [1139, 1452], [1140, 1451], [1140, 1449], [1141, 1448], [1141, 1442], [1140, 1441], [1140, 1437], [1139, 1436], [1139, 1435], [1138, 1434], [1138, 1433], [1136, 1431], [1136, 1430], [1134, 1428], [1134, 1427], [1129, 1422], [1128, 1422], [1126, 1420], [1125, 1420], [1123, 1418], [1122, 1418], [1121, 1417], [1119, 1417], [1118, 1416], [1116, 1416], [1115, 1415], [1113, 1415], [1112, 1414], [1108, 1414], [1107, 1413], [1097, 1413], [1096, 1412], [1092, 1412], [1091, 1413], [1090, 1413], [1089, 1412]]","[[1085, 1530], [999, 1469], [1065, 1376], [1151, 1437]]",0.97415733,pixels
48,MHR.7997.jpg,orifice,106.546630859375,98.971923828125,7594.0,333.22034299373627,0.9840611636646365,0.859443720284664,0.9320388349514563,103.0,96.0,-90.0,812,2073,0.16184513259865752,0.00018152618184144644,0.00019399859652294939,6.264535366586512e-07,6.601558929166957e-12,7.971900535791632e-09,-2.028195627385484e-12,"[[798, 2024], [797, 2025], [791, 2025], [790, 2026], [788, 2026], [787, 2027], [786, 2027], [780, 2033], [780, 2034], [776, 2038], [776, 2039], [774, 2041], [774, 2042], [773, 2043], [773, 2044], [772, 2045], [772, 2046], [770, 2048], [770, 2049], [769, 2050], [769, 2052], [768, 2053], [768, 2054], [767, 2055], [767, 2057], [766, 2058], [766, 2061], [765, 2062], [765, 2081], [764, 2082], [764, 2085], [765, 2086], [765, 2089], [764, 2090], [765, 2091], [765, 2095], [766, 2096], [766, 2098], [767, 2099], [767, 2100], [768, 2101], [768, 2102], [769, 2103], [769, 2104], [779, 2114], [780, 2114], [781, 2115], [782, 2115], [783, 2116], [785, 2116], [786, 2117], [788, 2117], [789, 2118], [791, 2118], [792, 2119], [799, 2119], [800, 2120], [819, 2120], [820, 2119], [822, 2119], [823, 2118], [824, 2118], [825, 2117], [826, 2117], [827, 2116], [828, 2116], [830, 2114], [831, 2114], [832, 2113], [833, 2113], [834, 2112], [835, 2112], [836, 2111], [837, 2111], [840, 2108], [841, 2108], [843, 2106], [844, 2106], [846, 2104], [847, 2104], [848, 2103], [849, 2103], [850, 2102], [851, 2102], [853, 2100], [854, 2100], [855, 2099], [856, 2099], [857, 2098], [858, 2098], [859, 2097], [860, 2097], [863, 2094], [864, 2094], [866, 2092], [866, 2091], [867, 2090], [867, 2069], [866, 2068], [866, 2066], [865, 2065], [865, 2064], [864, 2063], [864, 2062], [862, 2060], [861, 2060], [850, 2049], [850, 2048], [849, 2047], [849, 2046], [848, 2045], [848, 2044], [846, 2042], [846, 2041], [845, 2040], [844, 2040], [840, 2036], [839, 2036], [837, 2034], [836, 2034], [835, 2033], [833, 2033], [832, 2032], [831, 2032], [830, 2031], [829, 2031], [828, 2030], [826, 2030], [825, 2029], [823, 2029], [822, 2028], [819, 2028], [818, 2027], [816, 2027], [815, 2026], [809, 2026], [808, 2025], [799, 2025]]","[[867, 2120], [764, 2120], [764, 2024], [867, 2024]]",0.97261274,pixels
49,MHR.7997.jpg,orifice,117.07177734375,113.774169921875,9109.5,377.60511922836304,0.97568682054303,0.8028393623445627,0.8104837823400541,123.57168579101562,100.15284729003906,-48.366458892822266,1107,1119,0.16922665323512232,0.0011527683454471717,0.0006406593367290028,1.1710860892776552e-05,5.311677427984496e-10,2.3458303268550383e-07,-8.641812893633608e-10,"[[1106, 1072], [1105, 1073], [1088, 1073], [1087, 1074], [1085, 1074], [1084, 1075], [1081, 1075], [1080, 1076], [1077, 1076], [1076, 1077], [1074, 1077], [1073, 1078], [1072, 1078], [1069, 1081], [1068, 1081], [1066, 1083], [1065, 1083], [1063, 1085], [1062, 1085], [1060, 1087], [1060, 1088], [1057, 1091], [1057, 1092], [1056, 1093], [1056, 1094], [1055, 1095], [1055, 1098], [1054, 1099], [1054, 1105], [1053, 1106], [1053, 1118], [1054, 1119], [1054, 1123], [1053, 1124], [1053, 1129], [1054, 1130], [1054, 1141], [1055, 1142], [1055, 1143], [1056, 1144], [1056, 1145], [1058, 1147], [1058, 1148], [1059, 1148], [1061, 1150], [1061, 1151], [1062, 1152], [1063, 1152], [1067, 1156], [1068, 1156], [1071, 1159], [1072, 1159], [1087, 1174], [1087, 1175], [1089, 1177], [1090, 1177], [1093, 1180], [1095, 1180], [1096, 1181], [1107, 1181], [1108, 1180], [1111, 1180], [1114, 1177], [1114, 1176], [1117, 1173], [1117, 1172], [1119, 1170], [1119, 1169], [1123, 1165], [1123, 1164], [1125, 1162], [1125, 1161], [1132, 1154], [1132, 1153], [1138, 1147], [1139, 1147], [1141, 1145], [1141, 1144], [1142, 1143], [1143, 1143], [1144, 1142], [1145, 1142], [1146, 1141], [1146, 1140], [1149, 1137], [1149, 1136], [1153, 1132], [1153, 1131], [1158, 1126], [1158, 1125], [1163, 1120], [1163, 1119], [1165, 1117], [1165, 1116], [1166, 1115], [1166, 1114], [1167, 1113], [1167, 1112], [1168, 1111], [1168, 1104], [1169, 1103], [1169, 1094], [1168, 1093], [1168, 1083], [1167, 1082], [1167, 1081], [1166, 1081], [1164, 1079], [1155, 1079], [1154, 1078], [1152, 1078], [1151, 1077], [1136, 1077], [1135, 1076], [1128, 1076], [1127, 1075], [1124, 1075], [1123, 1074], [1119, 1074], [1118, 1073], [1111, 1073], [1110, 1072]]","[[1102, 1189], [1028, 1122], [1110, 1030], [1185, 1097]]",0.97213554,pixels
50,MHR.7997.jpg,orifice,98.7999267578125,108.4056396484375,6903.0,343.5634888410568,0.968094804010939,0.7349092755913111,0.9801622653564103,100.40414428710938,98.412353515625,-5.19442892074585,1591,1928,0.184359074075802,0.005282596714059628,0.0011381740175788891,2.5386432606717044e-05,-3.6020348196632918e-09,-1.6250425953324083e-06,2.376300444209671e-09,"[[1613, 1883], [1612, 1884], [1611, 1884], [1610, 1885], [1608, 1885], [1607, 1886], [1604, 1886], [1603, 1887], [1600, 1887], [1599, 1888], [1597, 1888], [1596, 1889], [1594, 1889], [1593, 1888], [1588, 1888], [1587, 1887], [1586, 1887], [1585, 1886], [1582, 1886], [1581, 1887], [1579, 1887], [1578, 1888], [1575, 1888], [1574, 1889], [1573, 1888], [1568, 1888], [1563, 1893], [1560, 1893], [1559, 1894], [1558, 1894], [1557, 1895], [1556, 1895], [1555, 1896], [1554, 1896], [1554, 1898], [1553, 1899], [1553, 1913], [1552, 1914], [1552, 1916], [1553, 1917], [1553, 1923], [1552, 1924], [1552, 1958], [1553, 1959], [1553, 1970], [1554, 1971], [1554, 1977], [1555, 1978], [1555, 1980], [1556, 1981], [1556, 1983], [1557, 1984], [1558, 1984], [1559, 1985], [1562, 1985], [1563, 1986], [1567, 1986], [1568, 1985], [1578, 1985], [1579, 1984], [1581, 1984], [1582, 1983], [1583, 1983], [1584, 1982], [1586, 1982], [1587, 1981], [1588, 1981], [1591, 1978], [1591, 1977], [1597, 1971], [1597, 1970], [1608, 1959], [1609, 1959], [1610, 1958], [1610, 1957], [1616, 1951], [1616, 1950], [1621, 1945], [1621, 1944], [1622, 1943], [1622, 1942], [1625, 1939], [1625, 1938], [1626, 1937], [1626, 1936], [1641, 1921], [1642, 1921], [1643, 1920], [1643, 1919], [1644, 1918], [1645, 1918], [1647, 1916], [1647, 1914], [1648, 1913], [1648, 1906], [1647, 1905], [1647, 1903], [1646, 1902], [1646, 1900], [1645, 1899], [1645, 1898], [1643, 1896], [1643, 1895], [1639, 1891], [1639, 1890], [1636, 1887], [1635, 1887], [1634, 1886], [1632, 1886], [1631, 1885], [1630, 1885], [1629, 1884], [1625, 1884], [1624, 1883]]","[[1554, 1987], [1545, 1889], [1645, 1880], [1654, 1978]]",0.9719509,pixels
51,MHR.7997.jpg,orifice,101.34783935546875,117.40496826171875,7240.0,343.3624778985977,0.9641121246421199,0.7716898026656153,0.6587641843989454,121.4407958984375,80.00084686279297,-49.9697380065918,663,605,0.1809640282583082,0.006756268705393426,0.00013901695104189275,1.006281097511714e-05,1.890592698216728e-10,2.7817998955864473e-07,3.2543750341477956e-10,"[[675, 550], [674, 551], [672, 551], [671, 552], [669, 552], [668, 553], [667, 553], [663, 557], [662, 557], [661, 558], [660, 558], [658, 560], [657, 560], [656, 561], [655, 561], [654, 562], [651, 562], [650, 563], [649, 563], [648, 564], [647, 563], [642, 563], [641, 564], [641, 565], [640, 566], [640, 571], [639, 572], [639, 574], [637, 576], [637, 577], [636, 578], [636, 579], [632, 583], [632, 584], [631, 585], [631, 586], [630, 587], [630, 588], [628, 590], [628, 591], [627, 592], [627, 593], [626, 594], [626, 597], [625, 598], [625, 603], [624, 604], [624, 606], [623, 607], [623, 608], [622, 609], [622, 610], [621, 611], [621, 616], [620, 617], [620, 624], [621, 625], [621, 630], [620, 631], [620, 635], [621, 636], [621, 639], [622, 640], [622, 642], [623, 643], [623, 644], [625, 646], [625, 647], [626, 648], [626, 650], [627, 651], [627, 652], [628, 653], [628, 654], [629, 655], [629, 656], [630, 657], [630, 658], [631, 658], [633, 660], [633, 661], [634, 662], [635, 662], [636, 663], [639, 663], [640, 664], [650, 664], [651, 665], [656, 665], [657, 664], [661, 664], [664, 661], [664, 660], [667, 657], [667, 656], [668, 655], [668, 654], [671, 651], [671, 650], [672, 649], [672, 648], [675, 645], [675, 644], [681, 638], [681, 637], [683, 635], [683, 634], [688, 629], [688, 628], [694, 622], [694, 621], [695, 620], [696, 620], [697, 619], [698, 619], [706, 611], [706, 610], [707, 609], [707, 608], [709, 606], [709, 605], [710, 604], [710, 596], [711, 595], [711, 578], [710, 577], [710, 573], [709, 572], [709, 571], [708, 570], [708, 569], [707, 568], [707, 567], [704, 564], [704, 563], [699, 558], [698, 558], [696, 556], [695, 556], [694, 555], [693, 555], [691, 553], [689, 553], [688, 552], [686, 552], [685, 551], [683, 551], [682, 550]]","[[651, 676], [589, 624], [667, 531], [729, 583]]",0.971749,pixels
52,MHR.7997.jpg,orifice,116.336181640625,144.819580078125,11120.5,413.54624378681183,0.9821160469840149,0.8171203328816985,0.9311152180743615,126.04517364501953,117.36257934570312,-43.111812591552734,1080,2231,0.168713672299723,0.0017444607675704963,0.0003986971432300069,4.431372932300137e-06,9.543371165851283e-11,3.117314511143218e-08,-1.5995842705439148e-10,"[[1064, 2163], [1063, 2164], [1059, 2164], [1058, 2165], [1057, 2165], [1056, 2166], [1055, 2166], [1049, 2172], [1049, 2173], [1047, 2175], [1047, 2177], [1046, 2178], [1046, 2179], [1044, 2181], [1044, 2182], [1042, 2184], [1042, 2186], [1041, 2187], [1041, 2189], [1040, 2190], [1040, 2191], [1039, 2192], [1039, 2194], [1038, 2195], [1038, 2198], [1037, 2199], [1037, 2201], [1035, 2203], [1035, 2204], [1034, 2205], [1034, 2217], [1033, 2218], [1033, 2261], [1034, 2262], [1034, 2266], [1035, 2267], [1035, 2270], [1036, 2271], [1036, 2273], [1037, 2274], [1037, 2276], [1038, 2277], [1038, 2278], [1039, 2279], [1039, 2280], [1040, 2281], [1040, 2282], [1041, 2283], [1041, 2284], [1042, 2285], [1042, 2286], [1044, 2288], [1044, 2289], [1046, 2291], [1046, 2292], [1053, 2299], [1053, 2300], [1054, 2300], [1055, 2301], [1060, 2301], [1061, 2302], [1063, 2302], [1064, 2303], [1072, 2303], [1073, 2302], [1076, 2302], [1077, 2301], [1079, 2301], [1080, 2300], [1081, 2300], [1082, 2299], [1083, 2299], [1084, 2298], [1085, 2298], [1089, 2294], [1090, 2294], [1095, 2289], [1095, 2288], [1096, 2287], [1097, 2287], [1097, 2286], [1099, 2284], [1099, 2283], [1102, 2280], [1103, 2280], [1109, 2274], [1110, 2274], [1110, 2273], [1113, 2270], [1114, 2270], [1123, 2261], [1123, 2260], [1129, 2254], [1131, 2254], [1132, 2253], [1133, 2253], [1136, 2250], [1137, 2250], [1140, 2247], [1140, 2246], [1143, 2243], [1143, 2242], [1144, 2241], [1144, 2239], [1143, 2238], [1143, 2231], [1141, 2229], [1141, 2228], [1140, 2227], [1140, 2226], [1139, 2225], [1139, 2224], [1138, 2223], [1138, 2222], [1137, 2221], [1137, 2220], [1136, 2219], [1136, 2217], [1135, 2216], [1135, 2215], [1134, 2214], [1134, 2213], [1133, 2212], [1133, 2211], [1132, 2210], [1132, 2208], [1131, 2207], [1131, 2205], [1130, 2204], [1130, 2203], [1128, 2201], [1128, 2200], [1127, 2199], [1127, 2198], [1126, 2197], [1126, 2196], [1125, 2195], [1125, 2194], [1123, 2192], [1123, 2191], [1118, 2186], [1118, 2185], [1114, 2181], [1113, 2181], [1110, 2178], [1109, 2178], [1108, 2177], [1107, 2177], [1104, 2174], [1102, 2174], [1101, 2173], [1099, 2173], [1098, 2172], [1096, 2172], [1095, 2171], [1093, 2171], [1090, 2168], [1089, 2168], [1087, 2166], [1086, 2166], [1085, 2165], [1084, 2165], [1083, 2164], [1082, 2164], [1081, 2163]]","[[1067, 2315], [987, 2229], [1079, 2143], [1159, 2229]]",0.97086245,pixels
53,MHR.7997.jpg,orifice,106.54937744140625,121.077880859375,8120.0,385.5634890794754,0.9165302782324058,0.6863949662498624,0.7461604184691585,120.1467514038086,89.64875030517578,-81.51105499267578,416,1138,0.182099166418571,0.004851072564987711,0.0005274109359968823,1.8850816978003695e-05,-1.871392599715933e-09,-1.2866867879490072e-06,-1.7566272517452268e-10,"[[443, 1084], [442, 1085], [432, 1085], [431, 1086], [425, 1086], [424, 1087], [420, 1087], [419, 1088], [413, 1088], [412, 1089], [399, 1089], [398, 1088], [396, 1088], [395, 1089], [390, 1089], [388, 1091], [387, 1091], [386, 1092], [385, 1092], [384, 1093], [383, 1093], [379, 1097], [379, 1098], [381, 1100], [381, 1101], [380, 1102], [379, 1102], [378, 1103], [378, 1105], [382, 1109], [381, 1110], [381, 1111], [380, 1112], [380, 1120], [379, 1121], [379, 1127], [377, 1129], [377, 1132], [376, 1133], [376, 1134], [375, 1135], [375, 1136], [374, 1137], [374, 1140], [375, 1141], [375, 1142], [376, 1143], [376, 1155], [375, 1156], [375, 1157], [371, 1161], [371, 1167], [368, 1170], [371, 1170], [372, 1171], [373, 1171], [374, 1172], [375, 1172], [377, 1174], [377, 1179], [378, 1179], [383, 1184], [384, 1184], [385, 1185], [386, 1185], [389, 1188], [389, 1189], [396, 1196], [398, 1196], [399, 1197], [401, 1197], [402, 1198], [404, 1198], [405, 1199], [407, 1199], [408, 1200], [412, 1200], [413, 1201], [432, 1201], [433, 1200], [434, 1200], [438, 1196], [438, 1193], [439, 1192], [439, 1190], [440, 1189], [440, 1177], [441, 1176], [441, 1170], [442, 1169], [442, 1166], [443, 1165], [443, 1160], [446, 1157], [446, 1154], [447, 1153], [447, 1151], [448, 1150], [448, 1149], [449, 1148], [449, 1146], [450, 1145], [450, 1143], [451, 1142], [451, 1140], [452, 1139], [452, 1136], [453, 1135], [453, 1134], [454, 1133], [454, 1132], [455, 1131], [455, 1130], [456, 1129], [456, 1127], [457, 1126], [457, 1125], [461, 1121], [462, 1121], [463, 1120], [463, 1119], [466, 1116], [466, 1115], [467, 1114], [467, 1099], [466, 1098], [466, 1096], [465, 1095], [465, 1094], [464, 1093], [464, 1092], [463, 1091], [462, 1091], [459, 1088], [458, 1088], [457, 1087], [455, 1087], [454, 1086], [450, 1086], [449, 1085], [444, 1085]]","[[453, 1206], [364, 1193], [382, 1074], [470, 1088]]",0.9299315,pixels
54,MHR.7997.jpg,orifice,109.70831298828125,114.492919921875,8688.0,396.7350615262985,0.9500792826289026,0.6936310250603223,0.9727272727272728,110.0,107.0,-90.0,741,935,0.17603331327211844,0.0010447319674909473,0.0012429612200677309,1.0261242235466872e-06,2.615721679809948e-11,-1.425548117757337e-08,-2.5665978468909482e-11,"[[694, 888], [693, 889], [691, 889], [690, 890], [690, 908], [691, 909], [691, 910], [694, 910], [696, 912], [696, 916], [699, 919], [699, 921], [698, 922], [698, 923], [702, 927], [702, 928], [703, 929], [703, 932], [702, 933], [701, 933], [700, 934], [700, 935], [698, 937], [698, 941], [701, 944], [698, 947], [698, 959], [697, 960], [697, 961], [698, 962], [698, 966], [699, 967], [699, 969], [700, 970], [700, 972], [701, 972], [706, 977], [706, 978], [707, 979], [707, 980], [708, 981], [708, 982], [711, 985], [711, 986], [714, 989], [715, 989], [717, 991], [718, 991], [720, 993], [721, 993], [723, 995], [724, 995], [725, 996], [726, 996], [727, 997], [729, 997], [730, 998], [749, 998], [750, 997], [752, 997], [753, 996], [754, 996], [755, 995], [755, 994], [756, 993], [756, 992], [757, 991], [757, 990], [758, 989], [758, 988], [759, 987], [759, 986], [760, 985], [760, 984], [761, 983], [761, 982], [762, 981], [762, 980], [763, 979], [763, 978], [764, 977], [764, 976], [765, 975], [765, 974], [766, 973], [766, 972], [767, 971], [767, 970], [770, 967], [770, 966], [772, 964], [772, 963], [773, 962], [773, 961], [774, 960], [774, 959], [776, 957], [776, 956], [777, 955], [777, 954], [778, 953], [778, 952], [779, 951], [779, 950], [780, 949], [780, 948], [781, 947], [781, 945], [782, 944], [782, 942], [783, 941], [783, 940], [784, 939], [784, 938], [786, 936], [786, 934], [787, 933], [787, 931], [792, 926], [792, 925], [793, 924], [793, 923], [795, 921], [795, 920], [796, 919], [796, 917], [797, 916], [797, 897], [796, 896], [796, 894], [793, 891], [792, 891], [791, 890], [790, 890], [789, 889], [782, 889], [781, 888], [777, 888], [776, 889], [766, 889], [765, 890], [751, 890], [750, 889], [705, 889], [704, 888], [701, 888], [700, 889], [697, 889], [696, 888]]","[[797, 998], [690, 998], [690, 888], [797, 888]]",0.92181766,pixels
55,MHR.7997.jpg,orifice,149.49545288085938,133.576416015625,10891.5,490.80107712745667,0.8907380903700675,0.5681807889592426,0.7579686085555714,147.72589111328125,111.97158813476562,-61.38954162597656,253,489,0.17454258918171087,0.000883470079605868,0.0008425351901813689,6.370550195538654e-05,1.3445970231589107e-08,1.6797656537513348e-06,-6.0857602819090095e-09,"[[237, 428], [236, 429], [232, 429], [231, 430], [227, 430], [226, 431], [224, 431], [221, 434], [220, 434], [219, 435], [219, 436], [216, 439], [216, 440], [210, 446], [210, 447], [209, 448], [209, 449], [208, 450], [208, 451], [207, 452], [207, 453], [206, 454], [206, 455], [205, 456], [205, 457], [204, 458], [204, 459], [203, 460], [203, 462], [202, 463], [202, 464], [200, 466], [200, 468], [199, 469], [199, 471], [198, 472], [198, 473], [197, 474], [197, 475], [196, 476], [196, 478], [195, 479], [195, 495], [194, 496], [194, 502], [195, 503], [194, 504], [194, 515], [195, 516], [195, 521], [196, 522], [196, 523], [197, 524], [197, 525], [203, 531], [204, 531], [206, 533], [207, 533], [208, 534], [209, 534], [211, 536], [212, 536], [213, 537], [215, 537], [216, 538], [217, 538], [218, 539], [219, 539], [222, 542], [225, 542], [226, 543], [229, 543], [230, 544], [231, 544], [232, 545], [240, 545], [241, 546], [248, 546], [249, 547], [255, 547], [256, 548], [265, 548], [266, 547], [267, 547], [269, 545], [270, 545], [271, 544], [272, 544], [273, 543], [274, 543], [276, 541], [277, 541], [275, 539], [275, 534], [276, 533], [276, 529], [275, 528], [275, 526], [276, 525], [276, 524], [277, 523], [277, 522], [281, 518], [282, 518], [283, 517], [284, 517], [288, 513], [291, 513], [292, 512], [293, 512], [294, 511], [297, 511], [298, 510], [303, 510], [304, 509], [319, 509], [320, 510], [321, 510], [323, 512], [323, 515], [324, 515], [324, 513], [326, 511], [327, 511], [328, 510], [329, 511], [330, 511], [331, 512], [330, 513], [330, 514], [329, 515], [329, 516], [328, 517], [327, 517], [329, 517], [330, 518], [331, 518], [334, 521], [336, 519], [337, 519], [338, 518], [339, 518], [339, 514], [337, 512], [337, 511], [338, 510], [338, 509], [339, 508], [338, 507], [336, 507], [335, 506], [334, 506], [333, 505], [331, 505], [330, 504], [329, 504], [328, 503], [329, 502], [330, 502], [331, 501], [332, 501], [333, 500], [334, 500], [335, 499], [335, 498], [330, 493], [330, 492], [327, 489], [327, 488], [326, 487], [325, 487], [321, 483], [321, 482], [314, 475], [314, 474], [313, 474], [298, 459], [297, 459], [295, 457], [294, 457], [290, 453], [289, 453], [288, 452], [287, 452], [284, 449], [283, 449], [281, 447], [280, 447], [278, 445], [277, 445], [276, 444], [274, 444], [273, 443], [272, 443], [270, 441], [269, 441], [267, 439], [266, 439], [265, 438], [263, 438], [261, 436], [260, 436], [259, 435], [258, 435], [257, 434], [255, 434], [254, 433], [253, 433], [252, 432], [250, 432], [249, 431], [248, 431], [247, 430], [245, 430], [244, 429], [239, 429], [238, 428]]","[[302, 585], [172, 514], [226, 416], [355, 487]]",0.9129177,pixels
56,MHR.7997.jpg,orifice,119.16461181640625,150.106689453125,10811.5,414.3157967329025,0.9680350987151363,0.7914670377753192,0.7063533205009225,139.78848266601562,98.74005889892578,-32.53506851196289,478,1918,0.17269307117654573,0.0035467090083236104,3.8136636863218516e-05,3.0363177707431506e-06,3.262152989673799e-11,1.782862830110302e-07,1.837263940239832e-12,"[[462, 1843], [459, 1846], [458, 1846], [453, 1851], [453, 1852], [451, 1854], [451, 1855], [449, 1857], [448, 1857], [443, 1862], [443, 1863], [437, 1869], [436, 1869], [436, 1870], [434, 1872], [434, 1873], [432, 1875], [432, 1876], [428, 1880], [428, 1881], [427, 1882], [427, 1883], [424, 1886], [424, 1887], [422, 1889], [422, 1890], [421, 1891], [421, 1892], [420, 1893], [420, 1898], [419, 1899], [419, 1908], [420, 1909], [420, 1911], [421, 1912], [421, 1913], [422, 1914], [422, 1915], [423, 1916], [423, 1918], [424, 1919], [424, 1920], [429, 1925], [429, 1926], [430, 1927], [430, 1928], [431, 1929], [431, 1930], [432, 1930], [437, 1935], [437, 1936], [438, 1937], [438, 1938], [439, 1939], [439, 1940], [440, 1941], [440, 1942], [446, 1948], [446, 1950], [447, 1951], [447, 1952], [449, 1954], [449, 1956], [452, 1959], [452, 1960], [454, 1962], [454, 1963], [455, 1964], [455, 1965], [456, 1966], [456, 1968], [458, 1970], [458, 1971], [459, 1972], [459, 1973], [460, 1974], [460, 1975], [461, 1976], [461, 1978], [463, 1980], [463, 1981], [466, 1984], [470, 1984], [471, 1985], [493, 1985], [494, 1984], [496, 1984], [497, 1983], [499, 1983], [500, 1982], [501, 1982], [502, 1981], [504, 1981], [505, 1980], [506, 1980], [509, 1977], [510, 1977], [511, 1976], [513, 1976], [514, 1975], [515, 1975], [517, 1973], [518, 1973], [521, 1970], [522, 1970], [527, 1965], [527, 1964], [529, 1962], [529, 1961], [530, 1960], [530, 1959], [531, 1958], [531, 1957], [532, 1956], [532, 1954], [533, 1953], [533, 1951], [534, 1950], [534, 1947], [535, 1946], [535, 1933], [536, 1932], [536, 1925], [535, 1924], [535, 1915], [534, 1914], [534, 1912], [533, 1911], [533, 1910], [532, 1909], [532, 1907], [531, 1906], [531, 1905], [530, 1904], [530, 1903], [529, 1902], [529, 1901], [527, 1899], [527, 1898], [518, 1889], [517, 1889], [516, 1888], [515, 1888], [512, 1885], [511, 1885], [509, 1883], [508, 1883], [507, 1882], [506, 1882], [505, 1881], [504, 1881], [499, 1876], [498, 1876], [497, 1875], [496, 1875], [495, 1874], [495, 1873], [491, 1869], [490, 1869], [480, 1859], [480, 1858], [470, 1848], [470, 1847], [466, 1843]]","[[475, 2000], [400, 1882], [483, 1829], [558, 1947]]",0.91160667,pixels
57,MHR.7997.jpg,orifice,98.34869384765625,157.140625,9265.0,419.0193325281143,0.9213404932378679,0.6631124260866588,0.6225165562913907,151.0,94.0,-90.0,158,1774,0.19234503099034397,0.008328325973061509,0.0010241905911520638,0.00014017292033548912,5.2854371254304325e-08,1.2720052536607612e-05,-5.217371744073193e-09,"[[151, 1687], [150, 1688], [148, 1688], [147, 1689], [146, 1689], [146, 1690], [144, 1692], [144, 1693], [142, 1695], [142, 1696], [141, 1697], [141, 1698], [140, 1699], [140, 1700], [139, 1701], [139, 1702], [138, 1703], [138, 1704], [137, 1705], [137, 1706], [136, 1707], [136, 1708], [135, 1709], [135, 1710], [133, 1712], [133, 1713], [132, 1714], [132, 1715], [131, 1716], [131, 1717], [127, 1721], [127, 1722], [126, 1723], [126, 1724], [125, 1725], [125, 1727], [124, 1728], [124, 1730], [123, 1731], [123, 1737], [122, 1738], [122, 1747], [121, 1748], [121, 1758], [120, 1759], [120, 1788], [121, 1789], [121, 1811], [122, 1812], [122, 1819], [123, 1820], [123, 1823], [124, 1824], [124, 1825], [125, 1826], [125, 1827], [126, 1828], [126, 1829], [128, 1831], [129, 1831], [131, 1833], [133, 1833], [134, 1834], [135, 1834], [136, 1835], [141, 1835], [142, 1836], [150, 1836], [151, 1837], [152, 1837], [153, 1836], [157, 1836], [158, 1837], [171, 1837], [172, 1838], [183, 1838], [187, 1834], [187, 1833], [189, 1831], [189, 1830], [190, 1829], [190, 1828], [192, 1826], [192, 1825], [193, 1824], [193, 1823], [194, 1822], [194, 1820], [195, 1819], [195, 1817], [196, 1816], [196, 1813], [197, 1812], [197, 1811], [198, 1810], [198, 1808], [199, 1807], [199, 1805], [202, 1802], [202, 1801], [203, 1800], [203, 1799], [204, 1798], [204, 1797], [205, 1796], [205, 1795], [209, 1791], [211, 1791], [212, 1790], [212, 1789], [213, 1788], [213, 1786], [214, 1785], [214, 1782], [213, 1781], [213, 1777], [212, 1776], [212, 1773], [210, 1771], [209, 1771], [207, 1769], [207, 1768], [204, 1765], [203, 1765], [202, 1764], [202, 1763], [199, 1760], [198, 1760], [194, 1756], [193, 1756], [189, 1752], [189, 1750], [188, 1749], [188, 1748], [187, 1747], [187, 1745], [186, 1744], [185, 1744], [184, 1743], [184, 1742], [182, 1740], [182, 1739], [174, 1731], [174, 1730], [173, 1729], [173, 1727], [171, 1725], [171, 1724], [169, 1722], [169, 1721], [168, 1720], [168, 1719], [167, 1718], [167, 1716], [166, 1715], [166, 1713], [165, 1712], [165, 1711], [164, 1710], [164, 1708], [163, 1707], [163, 1706], [162, 1705], [162, 1704], [161, 1703], [161, 1702], [159, 1700], [159, 1699], [160, 1698], [160, 1694], [159, 1693], [159, 1689], [157, 1689], [156, 1688], [153, 1688], [152, 1687]]","[[214, 1838], [120, 1838], [120, 1687], [214, 1687]]",0.9018912,pixels
58,MHR.7997.jpg,orifice,76.6546630859375,100.26416015625,4818.5,328.00714004039764,0.9291361357500965,0.5628013523404697,0.7774330698968372,94.94779968261719,73.81555938720703,-82.30394744873047,1331,1733,0.1846303586739313,0.005580999496492069,0.0007920212608487759,1.719561043214544e-05,-4.852799463201667e-10,-3.3408926256397774e-08,1.9471973660146605e-09,"[[1322, 1691], [1321, 1692], [1319, 1692], [1316, 1695], [1316, 1696], [1315, 1697], [1315, 1698], [1314, 1699], [1312, 1697], [1312, 1696], [1311, 1696], [1310, 1697], [1310, 1698], [1309, 1699], [1308, 1699], [1307, 1698], [1307, 1696], [1306, 1695], [1305, 1695], [1303, 1697], [1302, 1696], [1300, 1696], [1300, 1697], [1299, 1698], [1298, 1698], [1298, 1701], [1299, 1701], [1300, 1702], [1300, 1706], [1301, 1706], [1300, 1705], [1300, 1703], [1301, 1702], [1302, 1702], [1303, 1701], [1304, 1702], [1305, 1702], [1306, 1703], [1305, 1704], [1305, 1705], [1304, 1706], [1307, 1709], [1307, 1710], [1306, 1711], [1306, 1713], [1305, 1714], [1305, 1716], [1304, 1717], [1304, 1719], [1303, 1720], [1303, 1725], [1302, 1726], [1302, 1731], [1301, 1732], [1301, 1737], [1300, 1738], [1300, 1745], [1301, 1746], [1301, 1750], [1302, 1751], [1302, 1754], [1303, 1755], [1303, 1758], [1304, 1759], [1304, 1760], [1305, 1761], [1305, 1762], [1306, 1763], [1306, 1764], [1307, 1765], [1307, 1767], [1308, 1768], [1308, 1770], [1309, 1771], [1309, 1773], [1310, 1774], [1310, 1775], [1313, 1778], [1314, 1778], [1318, 1782], [1319, 1782], [1320, 1783], [1321, 1783], [1322, 1784], [1323, 1784], [1324, 1785], [1327, 1785], [1328, 1786], [1333, 1786], [1334, 1785], [1336, 1785], [1337, 1784], [1338, 1784], [1339, 1783], [1339, 1782], [1344, 1777], [1344, 1776], [1345, 1775], [1345, 1774], [1346, 1773], [1346, 1772], [1347, 1771], [1347, 1770], [1348, 1769], [1348, 1767], [1349, 1766], [1349, 1765], [1350, 1764], [1350, 1762], [1351, 1761], [1351, 1759], [1353, 1757], [1353, 1754], [1354, 1753], [1354, 1750], [1355, 1749], [1355, 1748], [1356, 1747], [1356, 1743], [1357, 1742], [1357, 1740], [1358, 1739], [1358, 1738], [1359, 1737], [1359, 1735], [1360, 1734], [1360, 1732], [1362, 1730], [1362, 1729], [1363, 1728], [1363, 1727], [1365, 1725], [1365, 1723], [1366, 1722], [1366, 1720], [1367, 1719], [1367, 1717], [1368, 1716], [1368, 1715], [1369, 1714], [1369, 1712], [1370, 1711], [1370, 1710], [1371, 1709], [1371, 1702], [1372, 1701], [1372, 1699], [1371, 1698], [1371, 1696], [1367, 1696], [1366, 1697], [1362, 1697], [1361, 1696], [1354, 1696], [1353, 1695], [1346, 1695], [1345, 1694], [1341, 1694], [1340, 1693], [1339, 1693], [1338, 1692], [1335, 1692], [1334, 1691]]","[[1360, 1790], [1286, 1780], [1299, 1686], [1372, 1696]]",0.8972406,pixels
59,MHR.7997.jpg,orifice,57.36723327636719,155.9375,5759.0,347.6223636865616,0.9793384916248619,0.5988823666719916,0.363013698630137,146.0,53.0,-90.0,142,1416,0.2518032580519004,0.03658600007640463,0.000770301632754756,6.787268656853797e-05,-7.328868085498646e-09,-8.286318208466157e-06,1.3679813505932888e-08,"[[137, 1340], [137, 1341], [135, 1343], [134, 1343], [133, 1344], [133, 1346], [132, 1347], [132, 1349], [131, 1350], [131, 1351], [130, 1352], [130, 1353], [129, 1354], [129, 1355], [128, 1356], [128, 1358], [127, 1359], [127, 1361], [126, 1362], [126, 1364], [125, 1365], [125, 1368], [124, 1369], [124, 1373], [123, 1374], [123, 1376], [122, 1377], [122, 1379], [121, 1380], [121, 1389], [120, 1390], [120, 1432], [119, 1433], [119, 1454], [120, 1455], [120, 1476], [121, 1477], [121, 1481], [122, 1482], [122, 1483], [125, 1486], [132, 1486], [133, 1485], [135, 1485], [136, 1484], [137, 1484], [138, 1483], [139, 1483], [140, 1482], [141, 1482], [144, 1479], [145, 1479], [147, 1477], [148, 1477], [154, 1471], [154, 1470], [156, 1468], [156, 1467], [158, 1465], [158, 1464], [159, 1463], [159, 1462], [160, 1461], [160, 1460], [161, 1459], [161, 1457], [162, 1456], [162, 1455], [164, 1453], [164, 1451], [165, 1450], [165, 1448], [166, 1447], [166, 1446], [167, 1445], [167, 1443], [168, 1442], [168, 1441], [169, 1440], [169, 1438], [170, 1437], [170, 1434], [171, 1433], [171, 1431], [172, 1430], [172, 1408], [171, 1407], [171, 1402], [170, 1401], [170, 1396], [169, 1395], [169, 1393], [168, 1392], [168, 1389], [167, 1388], [167, 1385], [166, 1384], [166, 1381], [164, 1379], [164, 1378], [162, 1376], [162, 1374], [161, 1373], [161, 1372], [160, 1371], [160, 1369], [159, 1368], [159, 1367], [158, 1366], [158, 1365], [157, 1364], [157, 1362], [156, 1361], [156, 1359], [155, 1358], [155, 1357], [154, 1356], [154, 1355], [153, 1354], [153, 1353], [150, 1350], [150, 1349], [149, 1348], [149, 1347], [148, 1346], [147, 1346], [145, 1344], [144, 1344], [140, 1340]]","[[172, 1486], [119, 1486], [119, 1340], [172, 1340]]",0.79855174,pixels
60,MHR.7997.jpg,orifice,79.072021484375,86.4822998046875,3919.0,257.7645001411438,0.9651520748676271,0.7412059843922071,0.6984127052088647,89.09545135498047,62.22539520263672,-45.0,1646,1666,0.18045666153893558,0.0034070120787282666,0.0012391298983425146,2.9392647584092022e-05,1.927652681760681e-09,9.523864668346417e-07,5.267782599179669e-09,"[[1639, 1627], [1638, 1628], [1636, 1628], [1634, 1630], [1633, 1630], [1632, 1631], [1631, 1631], [1627, 1635], [1627, 1636], [1626, 1637], [1626, 1638], [1625, 1639], [1625, 1640], [1624, 1641], [1624, 1643], [1623, 1644], [1623, 1646], [1622, 1647], [1622, 1648], [1621, 1649], [1621, 1652], [1620, 1653], [1620, 1655], [1619, 1656], [1619, 1660], [1618, 1661], [1618, 1664], [1617, 1665], [1617, 1697], [1618, 1698], [1618, 1700], [1619, 1701], [1619, 1703], [1620, 1704], [1620, 1707], [1623, 1710], [1625, 1710], [1626, 1711], [1637, 1711], [1638, 1710], [1639, 1710], [1662, 1687], [1662, 1686], [1665, 1683], [1666, 1683], [1672, 1677], [1672, 1676], [1673, 1675], [1674, 1675], [1675, 1674], [1676, 1674], [1678, 1672], [1678, 1670], [1679, 1669], [1681, 1669], [1682, 1668], [1682, 1667], [1686, 1663], [1686, 1662], [1687, 1661], [1687, 1660], [1688, 1659], [1688, 1658], [1689, 1657], [1689, 1656], [1690, 1655], [1690, 1652], [1689, 1651], [1689, 1650], [1688, 1649], [1685, 1649], [1684, 1648], [1681, 1648], [1680, 1647], [1678, 1647], [1677, 1646], [1676, 1646], [1675, 1645], [1674, 1645], [1673, 1644], [1672, 1644], [1670, 1642], [1669, 1642], [1666, 1639], [1665, 1639], [1659, 1633], [1658, 1633], [1654, 1629], [1653, 1629], [1652, 1628], [1651, 1628], [1650, 1627]]","[[1631, 1718], [1587, 1674], [1650, 1611], [1694, 1655]]",0.7789819,pixels
61,MHR.7997.jpg,orifice,126.00155639648438,128.36309814453125,11185.0,427.2203427553177,0.967602404948311,0.7700909226440916,0.9648423207194771,124.50296783447266,120.125732421875,-64.04122924804688,336,793,0.16750077640918098,2.477308838920782e-05,0.0006899226091719497,2.395749171179845e-06,-4.35339365777395e-11,-8.07881575550581e-09,-8.713035305897488e-11,"[[306, 742], [305, 743], [298, 743], [297, 744], [295, 744], [294, 745], [292, 745], [291, 746], [290, 746], [289, 747], [285, 747], [282, 750], [282, 751], [281, 752], [281, 753], [280, 754], [280, 758], [279, 759], [279, 772], [278, 773], [278, 782], [279, 783], [279, 791], [280, 792], [280, 794], [281, 795], [281, 797], [282, 798], [282, 806], [283, 807], [283, 812], [282, 813], [283, 814], [283, 821], [284, 822], [284, 826], [285, 827], [289, 827], [290, 828], [291, 828], [292, 829], [293, 829], [296, 832], [296, 833], [297, 834], [297, 836], [298, 836], [299, 837], [302, 837], [307, 842], [307, 843], [308, 843], [310, 845], [311, 845], [312, 846], [313, 846], [314, 847], [315, 847], [316, 848], [317, 848], [318, 849], [319, 849], [320, 850], [321, 850], [322, 851], [323, 851], [324, 852], [325, 852], [327, 854], [328, 854], [330, 856], [331, 856], [333, 858], [334, 858], [336, 860], [337, 860], [338, 861], [339, 861], [340, 862], [341, 862], [342, 863], [343, 863], [344, 864], [346, 864], [347, 865], [356, 865], [357, 864], [359, 864], [361, 862], [361, 861], [362, 860], [362, 858], [363, 857], [363, 854], [364, 853], [364, 849], [365, 848], [365, 846], [366, 845], [366, 844], [367, 843], [367, 841], [370, 838], [370, 837], [371, 836], [371, 834], [372, 833], [372, 831], [373, 830], [373, 828], [374, 827], [374, 826], [377, 823], [377, 822], [379, 820], [379, 818], [380, 817], [380, 815], [381, 814], [381, 813], [382, 812], [382, 811], [383, 810], [383, 809], [384, 808], [384, 806], [385, 805], [385, 804], [387, 802], [388, 802], [390, 800], [390, 799], [391, 798], [391, 797], [392, 796], [392, 795], [393, 794], [393, 793], [396, 790], [396, 789], [397, 788], [397, 787], [398, 786], [398, 785], [399, 784], [399, 782], [400, 781], [400, 774], [401, 773], [401, 771], [400, 770], [400, 764], [399, 763], [399, 760], [398, 759], [398, 758], [397, 757], [397, 756], [394, 753], [394, 752], [390, 748], [389, 748], [388, 747], [387, 747], [386, 746], [385, 746], [384, 745], [382, 745], [381, 744], [378, 744], [377, 743], [325, 743], [324, 742]]","[[356, 870], [248, 817], [303, 705], [411, 758]]",0.7189844,pixels
62,MHR.7997.jpg,orifice,88.77789306640625,128.666259765625,7153.5,346.6345565319061,0.9685870963374179,0.7481432009568356,0.576695615328978,124.3846435546875,71.7320785522461,-72.69947052001953,736,2350,0.1889676323826898,0.009341999867592968,0.00021329129909637107,1.2337891552865421e-05,-6.14629232351335e-10,-1.1823275737083852e-06,1.5105332771702735e-10,"[[745, 2290], [744, 2291], [741, 2291], [740, 2292], [739, 2292], [738, 2293], [737, 2293], [736, 2294], [735, 2294], [733, 2296], [732, 2296], [731, 2297], [730, 2297], [726, 2301], [723, 2301], [720, 2304], [720, 2305], [717, 2308], [717, 2309], [716, 2310], [716, 2311], [715, 2312], [715, 2313], [714, 2314], [714, 2315], [713, 2316], [713, 2317], [712, 2318], [712, 2319], [711, 2320], [711, 2322], [710, 2323], [710, 2324], [709, 2325], [709, 2326], [707, 2328], [707, 2329], [706, 2330], [706, 2331], [705, 2332], [705, 2333], [704, 2334], [704, 2335], [702, 2337], [702, 2338], [700, 2340], [700, 2341], [699, 2342], [699, 2345], [698, 2346], [698, 2347], [697, 2348], [697, 2352], [696, 2353], [696, 2372], [697, 2373], [697, 2377], [698, 2378], [698, 2380], [699, 2381], [699, 2382], [700, 2383], [700, 2384], [701, 2385], [701, 2386], [702, 2387], [702, 2388], [703, 2389], [703, 2390], [704, 2391], [704, 2392], [705, 2393], [705, 2394], [707, 2396], [707, 2397], [708, 2398], [708, 2399], [709, 2400], [709, 2401], [711, 2403], [712, 2403], [713, 2404], [714, 2404], [718, 2408], [719, 2408], [722, 2411], [728, 2411], [729, 2412], [730, 2412], [731, 2411], [744, 2411], [745, 2412], [746, 2411], [748, 2411], [753, 2406], [753, 2405], [755, 2403], [755, 2397], [756, 2396], [756, 2389], [757, 2388], [757, 2387], [758, 2386], [758, 2384], [759, 2383], [759, 2381], [760, 2380], [760, 2373], [761, 2372], [761, 2371], [764, 2368], [764, 2367], [765, 2366], [765, 2364], [766, 2363], [766, 2359], [767, 2358], [767, 2356], [768, 2355], [768, 2353], [770, 2351], [770, 2350], [772, 2348], [772, 2346], [773, 2345], [773, 2343], [774, 2342], [774, 2338], [775, 2337], [775, 2333], [776, 2332], [776, 2330], [777, 2329], [777, 2327], [778, 2326], [778, 2324], [779, 2323], [779, 2319], [780, 2318], [780, 2309], [778, 2307], [778, 2306], [777, 2305], [776, 2305], [771, 2300], [770, 2300], [769, 2299], [767, 2299], [764, 2296], [763, 2296], [762, 2295], [761, 2295], [760, 2294], [759, 2294], [757, 2292], [756, 2292], [755, 2291], [752, 2291], [751, 2290]]","[[749, 2419], [681, 2398], [718, 2279], [786, 2300]]",0.67309743,pixels
63,MHR.7997.jpg,orifice,141.18121337890625,155.989501953125,14653.5,495.20309841632843,0.9509085009733939,0.7509041871106455,0.9457340084285291,147.16891479492188,139.18264770507812,-71.14684295654297,707,2328,0.1659670686414923,0.0007761678704632536,0.0002393552044957689,1.2569200841372481e-06,1.4774556589602347e-11,1.6385587086988278e-08,-1.603154242557538e-11,"[[727, 2256], [726, 2257], [723, 2257], [722, 2258], [719, 2258], [718, 2259], [716, 2259], [715, 2260], [712, 2260], [711, 2261], [709, 2261], [708, 2262], [702, 2262], [701, 2263], [699, 2263], [698, 2264], [697, 2264], [696, 2265], [694, 2265], [693, 2266], [690, 2266], [689, 2267], [686, 2267], [685, 2268], [679, 2268], [678, 2269], [675, 2269], [674, 2270], [672, 2270], [671, 2271], [668, 2271], [667, 2272], [664, 2272], [663, 2273], [662, 2273], [661, 2274], [660, 2274], [659, 2275], [658, 2275], [656, 2277], [655, 2277], [652, 2280], [651, 2280], [650, 2281], [650, 2282], [645, 2287], [645, 2288], [644, 2289], [644, 2290], [643, 2291], [643, 2292], [642, 2293], [642, 2294], [641, 2295], [641, 2296], [640, 2297], [640, 2300], [639, 2301], [639, 2303], [638, 2304], [638, 2305], [637, 2306], [637, 2308], [636, 2309], [636, 2338], [637, 2339], [637, 2341], [641, 2345], [641, 2346], [642, 2347], [643, 2347], [644, 2348], [645, 2348], [646, 2349], [647, 2349], [651, 2353], [651, 2354], [652, 2354], [653, 2355], [654, 2355], [656, 2357], [657, 2357], [659, 2359], [660, 2359], [661, 2360], [662, 2360], [663, 2361], [664, 2361], [669, 2366], [669, 2367], [671, 2369], [671, 2370], [675, 2374], [675, 2375], [677, 2377], [677, 2378], [678, 2379], [678, 2380], [680, 2382], [680, 2383], [681, 2384], [681, 2385], [682, 2386], [682, 2387], [683, 2388], [684, 2388], [688, 2392], [690, 2392], [691, 2393], [694, 2393], [695, 2392], [698, 2392], [699, 2393], [700, 2393], [701, 2394], [702, 2394], [703, 2395], [704, 2395], [705, 2396], [706, 2396], [711, 2401], [712, 2401], [714, 2403], [715, 2403], [716, 2404], [721, 2404], [722, 2405], [740, 2405], [741, 2404], [746, 2404], [747, 2403], [749, 2403], [751, 2401], [751, 2397], [753, 2395], [753, 2394], [754, 2393], [754, 2391], [755, 2390], [755, 2389], [756, 2388], [756, 2386], [757, 2385], [757, 2380], [758, 2379], [758, 2378], [759, 2377], [759, 2375], [760, 2374], [760, 2371], [761, 2370], [761, 2368], [762, 2367], [762, 2366], [763, 2365], [763, 2364], [764, 2363], [764, 2362], [765, 2361], [765, 2358], [766, 2357], [766, 2354], [767, 2353], [767, 2352], [768, 2351], [768, 2350], [769, 2349], [769, 2348], [770, 2347], [770, 2344], [771, 2343], [771, 2341], [772, 2340], [772, 2338], [773, 2337], [773, 2334], [774, 2333], [774, 2325], [775, 2324], [775, 2313], [774, 2312], [774, 2307], [773, 2306], [773, 2305], [771, 2303], [771, 2302], [770, 2301], [769, 2301], [767, 2299], [766, 2299], [762, 2295], [760, 2295], [759, 2294], [758, 2294], [757, 2293], [754, 2293], [753, 2292], [748, 2292], [744, 2288], [744, 2287], [741, 2284], [741, 2283], [740, 2282], [740, 2280], [743, 2277], [743, 2276], [744, 2275], [744, 2269], [743, 2268], [743, 2262], [742, 2261], [742, 2259], [740, 2257], [739, 2257], [738, 2256]]","[[746, 2414], [615, 2369], [662, 2230], [794, 2275]]",0.58902186,pixels
64,MHR.7997.jpg,orifice,95.45458984375,106.27099609375,7420.0,338.59292674064636,0.9746486273479574,0.8133135475920282,0.9690721600832847,96.99998474121094,93.99998474121094,-90.0,1306,1735,0.16309809312276466,6.656737144946478e-05,0.00022463549554288686,7.471098379675893e-07,-3.104848426207494e-12,6.095491966348085e-09,9.167150687600403e-12,"[[1301, 1690], [1300, 1691], [1298, 1691], [1297, 1692], [1293, 1692], [1292, 1693], [1290, 1693], [1289, 1694], [1287, 1694], [1286, 1695], [1283, 1695], [1282, 1696], [1280, 1696], [1279, 1697], [1278, 1697], [1277, 1698], [1276, 1698], [1275, 1699], [1274, 1699], [1273, 1700], [1272, 1700], [1269, 1703], [1268, 1703], [1261, 1710], [1261, 1711], [1260, 1712], [1260, 1713], [1259, 1714], [1259, 1715], [1258, 1716], [1258, 1717], [1257, 1718], [1257, 1724], [1256, 1725], [1256, 1734], [1257, 1735], [1257, 1744], [1258, 1745], [1258, 1748], [1259, 1749], [1259, 1751], [1260, 1752], [1260, 1753], [1262, 1755], [1262, 1756], [1263, 1757], [1263, 1758], [1268, 1763], [1269, 1763], [1272, 1766], [1273, 1766], [1275, 1768], [1276, 1768], [1279, 1771], [1280, 1771], [1288, 1779], [1289, 1779], [1291, 1781], [1300, 1781], [1301, 1780], [1302, 1780], [1303, 1779], [1303, 1778], [1305, 1776], [1307, 1776], [1308, 1777], [1311, 1777], [1315, 1781], [1316, 1781], [1317, 1782], [1318, 1782], [1321, 1785], [1322, 1785], [1323, 1786], [1324, 1786], [1325, 1787], [1330, 1787], [1331, 1786], [1333, 1786], [1334, 1785], [1335, 1785], [1340, 1780], [1340, 1779], [1341, 1778], [1341, 1777], [1344, 1774], [1344, 1773], [1346, 1771], [1346, 1770], [1347, 1769], [1347, 1768], [1348, 1767], [1348, 1764], [1349, 1763], [1349, 1759], [1350, 1758], [1350, 1697], [1349, 1696], [1347, 1696], [1346, 1695], [1341, 1695], [1340, 1694], [1337, 1694], [1336, 1693], [1332, 1693], [1331, 1692], [1328, 1692], [1327, 1691], [1324, 1691], [1323, 1690], [1321, 1690], [1320, 1691], [1318, 1691], [1317, 1690], [1306, 1690], [1305, 1691], [1304, 1691], [1303, 1690]]","[[1349, 1787], [1255, 1787], [1255, 1690], [1349, 1690]]",0.50931436,pixels
65,MHR.7997.jpg,avicularium,127.5797119140625,104.03314971923828,8654.0,362.5340504646301,0.9878995433789954,0.8274259710950986,0.6803874035431375,130.60206604003906,88.86000061035156,-18.434947967529297,1395,149,0.17487158594022933,0.004681623691012285,0.00019501902848688917,1.0322069393355095e-05,4.060276306179073e-10,5.458326732006178e-07,-2.2274846118361775e-10,"[[1392, 105], [1391, 106], [1388, 106], [1387, 107], [1382, 107], [1381, 108], [1379, 108], [1378, 109], [1376, 109], [1375, 110], [1373, 110], [1372, 111], [1370, 111], [1369, 112], [1367, 112], [1365, 114], [1364, 114], [1363, 115], [1362, 115], [1359, 118], [1358, 118], [1352, 124], [1352, 125], [1346, 131], [1346, 132], [1345, 133], [1345, 134], [1343, 136], [1343, 137], [1342, 138], [1342, 139], [1341, 140], [1341, 142], [1340, 143], [1340, 148], [1339, 149], [1339, 161], [1338, 162], [1338, 165], [1339, 166], [1339, 175], [1340, 176], [1340, 178], [1341, 179], [1341, 182], [1344, 185], [1345, 185], [1347, 187], [1347, 188], [1352, 193], [1353, 193], [1356, 196], [1357, 196], [1359, 198], [1362, 198], [1363, 199], [1365, 199], [1366, 200], [1367, 200], [1368, 201], [1377, 201], [1378, 200], [1382, 200], [1383, 199], [1387, 199], [1388, 198], [1390, 198], [1391, 197], [1393, 197], [1394, 196], [1396, 196], [1397, 195], [1399, 195], [1401, 193], [1402, 193], [1403, 192], [1404, 192], [1405, 191], [1406, 191], [1408, 189], [1409, 189], [1411, 187], [1412, 187], [1414, 185], [1415, 185], [1417, 183], [1418, 183], [1419, 182], [1420, 182], [1423, 179], [1424, 179], [1426, 177], [1427, 177], [1435, 169], [1436, 169], [1447, 158], [1447, 157], [1450, 154], [1451, 154], [1451, 153], [1452, 152], [1452, 151], [1455, 148], [1455, 147], [1456, 146], [1456, 145], [1457, 144], [1457, 142], [1458, 141], [1458, 138], [1459, 137], [1459, 126], [1458, 125], [1458, 120], [1457, 119], [1457, 118], [1456, 117], [1456, 116], [1452, 112], [1451, 112], [1450, 111], [1449, 111], [1447, 109], [1446, 109], [1445, 108], [1438, 108], [1437, 107], [1428, 107], [1427, 106], [1405, 106], [1404, 105]]","[[1350, 211], [1322, 126], [1446, 85], [1474, 169]]",0.99977237,pixels
66,MHR.7997.jpg,avicularium,162.33599853515625,98.332275390625,10147.0,419.0193327665329,0.9797238582601139,0.7262387242141702,0.5672316782686722,155.97222900390625,88.4723892211914,-15.73200511932373,917,408,0.19988255906013772,0.01303728301105027,0.0006537847966512411,0.00010067858903057734,2.5178453839024305e-08,1.093172933402589e-05,-5.764574226407312e-09,"[[944, 361], [943, 362], [939, 362], [938, 363], [935, 363], [934, 364], [932, 364], [931, 365], [930, 365], [929, 366], [928, 366], [927, 367], [925, 367], [924, 368], [922, 368], [921, 369], [920, 369], [919, 370], [917, 370], [916, 371], [913, 371], [912, 372], [909, 372], [908, 373], [906, 373], [905, 374], [898, 374], [897, 375], [895, 375], [894, 376], [892, 376], [891, 377], [890, 377], [889, 378], [887, 378], [886, 379], [882, 379], [881, 380], [875, 380], [874, 381], [873, 381], [872, 382], [869, 382], [868, 383], [864, 383], [863, 384], [861, 384], [860, 385], [858, 385], [857, 386], [854, 386], [853, 387], [852, 387], [851, 388], [848, 388], [847, 389], [846, 389], [845, 390], [844, 390], [842, 392], [841, 392], [839, 394], [838, 394], [834, 398], [834, 401], [833, 402], [833, 414], [834, 415], [834, 418], [835, 419], [835, 420], [837, 422], [837, 423], [843, 429], [844, 429], [845, 430], [846, 430], [847, 431], [849, 431], [850, 432], [851, 432], [852, 433], [853, 433], [854, 434], [855, 434], [856, 435], [858, 435], [859, 436], [862, 436], [863, 437], [866, 437], [867, 438], [870, 438], [871, 439], [874, 439], [875, 440], [879, 440], [880, 441], [884, 441], [885, 442], [891, 442], [892, 443], [895, 443], [896, 444], [899, 444], [900, 445], [902, 445], [903, 446], [906, 446], [907, 447], [909, 447], [910, 448], [912, 448], [913, 449], [916, 449], [917, 450], [923, 450], [924, 451], [948, 451], [949, 450], [952, 450], [953, 449], [956, 449], [957, 448], [958, 448], [959, 447], [960, 447], [962, 445], [963, 445], [964, 444], [965, 444], [966, 443], [967, 443], [970, 440], [971, 440], [976, 435], [976, 434], [977, 433], [977, 432], [981, 428], [981, 427], [982, 426], [982, 425], [983, 424], [983, 423], [984, 422], [984, 421], [986, 419], [986, 418], [987, 417], [987, 416], [988, 415], [988, 414], [989, 413], [989, 408], [990, 407], [990, 399], [989, 398], [989, 393], [988, 392], [988, 391], [987, 390], [987, 389], [983, 385], [983, 384], [981, 382], [981, 381], [977, 377], [977, 376], [975, 374], [974, 374], [969, 369], [968, 369], [966, 367], [965, 367], [964, 366], [963, 366], [962, 365], [961, 365], [960, 364], [958, 364], [957, 363], [955, 363], [954, 362], [947, 362], [946, 361]]","[[851, 478], [827, 393], [977, 351], [1001, 436]]",0.9976731,pixels
67,MHR.7997.jpg,avicularium,79.6749267578125,92.785888671875,4811.5,272.0071392059326,0.9869743589743589,0.8172026164661573,0.6292585283708736,99.80000305175781,62.80000305175781,-53.13010025024414,1404,1501,0.1780854483997159,0.006153401828971254,5.733364748084974e-05,3.6154649061403605e-06,4.2826290132875876e-11,2.0015987651317283e-07,2.9588665964907616e-11,"[[1414, 1459], [1413, 1460], [1410, 1460], [1409, 1461], [1406, 1461], [1405, 1462], [1403, 1462], [1402, 1463], [1400, 1463], [1399, 1464], [1397, 1464], [1396, 1465], [1394, 1465], [1392, 1467], [1391, 1467], [1385, 1473], [1385, 1474], [1382, 1477], [1382, 1478], [1381, 1479], [1381, 1480], [1380, 1481], [1380, 1482], [1379, 1483], [1379, 1484], [1377, 1486], [1377, 1488], [1376, 1489], [1376, 1491], [1375, 1492], [1375, 1494], [1374, 1495], [1374, 1496], [1373, 1497], [1373, 1498], [1372, 1499], [1372, 1502], [1371, 1503], [1371, 1504], [1370, 1505], [1370, 1507], [1369, 1508], [1369, 1512], [1368, 1513], [1368, 1519], [1367, 1520], [1367, 1529], [1368, 1530], [1368, 1532], [1369, 1533], [1369, 1535], [1370, 1536], [1370, 1537], [1372, 1539], [1372, 1540], [1374, 1542], [1375, 1542], [1376, 1543], [1377, 1543], [1378, 1544], [1379, 1544], [1380, 1545], [1381, 1545], [1383, 1547], [1384, 1547], [1385, 1548], [1395, 1548], [1396, 1547], [1398, 1547], [1400, 1545], [1401, 1545], [1403, 1543], [1404, 1543], [1404, 1542], [1406, 1540], [1407, 1540], [1408, 1539], [1409, 1539], [1412, 1536], [1413, 1536], [1424, 1525], [1424, 1524], [1429, 1519], [1429, 1518], [1432, 1515], [1432, 1514], [1435, 1511], [1435, 1510], [1436, 1509], [1436, 1508], [1439, 1505], [1439, 1504], [1440, 1503], [1440, 1502], [1441, 1501], [1441, 1500], [1442, 1499], [1442, 1497], [1443, 1496], [1443, 1479], [1442, 1478], [1442, 1476], [1441, 1475], [1441, 1473], [1440, 1472], [1440, 1471], [1438, 1469], [1438, 1468], [1437, 1467], [1437, 1466], [1431, 1460], [1429, 1460], [1428, 1459]]","[[1398, 1560], [1347, 1522], [1407, 1442], [1458, 1480]]",0.9928973,pixels
68,MHR.7997.jpg,avicularium,99.48146057128906,122.146240234375,6048.0,343.98989510536194,0.9587065070936038,0.6422886924405181,0.42754458420447844,138.57904052734375,59.24871826171875,-30.31121063232422,176,1346,0.2384996065681253,0.02975821885926282,0.0008836395480748148,0.0002551450576232711,1.1811785249675001e-07,4.086778028453889e-05,2.6928615082278824e-08,"[[138, 1284], [137, 1285], [134, 1285], [130, 1289], [130, 1291], [129, 1292], [129, 1293], [128, 1294], [128, 1296], [127, 1297], [127, 1301], [126, 1302], [126, 1308], [127, 1309], [127, 1314], [131, 1318], [131, 1321], [132, 1322], [132, 1324], [135, 1327], [135, 1328], [143, 1336], [143, 1337], [145, 1339], [145, 1340], [149, 1344], [149, 1345], [150, 1346], [150, 1347], [151, 1348], [151, 1349], [152, 1350], [152, 1351], [155, 1354], [155, 1356], [156, 1357], [156, 1359], [157, 1360], [157, 1362], [158, 1363], [158, 1364], [159, 1365], [159, 1366], [160, 1367], [160, 1369], [162, 1371], [162, 1372], [163, 1373], [163, 1374], [164, 1375], [164, 1377], [165, 1378], [165, 1379], [167, 1381], [167, 1382], [168, 1383], [168, 1385], [169, 1386], [169, 1387], [170, 1388], [170, 1389], [174, 1393], [174, 1394], [176, 1396], [177, 1396], [178, 1397], [179, 1397], [182, 1400], [186, 1400], [187, 1401], [209, 1401], [210, 1400], [211, 1400], [212, 1399], [213, 1399], [214, 1398], [215, 1398], [216, 1397], [217, 1397], [220, 1394], [220, 1393], [221, 1392], [221, 1390], [222, 1389], [222, 1365], [221, 1364], [221, 1362], [220, 1361], [220, 1359], [219, 1358], [219, 1356], [218, 1355], [218, 1354], [217, 1353], [217, 1352], [215, 1350], [215, 1349], [214, 1348], [214, 1347], [211, 1344], [211, 1343], [209, 1341], [209, 1340], [205, 1336], [205, 1335], [204, 1334], [204, 1333], [194, 1323], [193, 1323], [188, 1318], [187, 1318], [185, 1316], [184, 1316], [183, 1315], [182, 1315], [176, 1309], [175, 1309], [174, 1308], [173, 1308], [171, 1306], [170, 1306], [163, 1299], [162, 1299], [161, 1298], [160, 1298], [159, 1297], [158, 1297], [154, 1293], [153, 1293], [149, 1289], [148, 1289], [146, 1287], [145, 1287], [142, 1284]]","[[185, 1415], [115, 1295], [166, 1265], [236, 1385]]",0.99124897,pixels
69,MHR.7997.jpg,avicularium,109.4730224609375,67.78851318359375,4827.0,283.279217839241,0.9837970039743198,0.7558884921816053,0.5481120075629677,107.80260467529297,59.0879020690918,-23.198591232299805,1045,805,0.19475686072379303,0.01219432131776135,0.00016229820520255879,2.5505624271095874e-05,1.640330689685912e-09,2.8104522575968964e-06,4.715597413620468e-11,"[[1059, 772], [1058, 773], [1051, 773], [1050, 774], [1047, 774], [1046, 775], [1045, 775], [1044, 776], [1043, 776], [1042, 777], [1040, 777], [1039, 778], [1038, 778], [1037, 779], [1036, 779], [1035, 780], [1034, 780], [1033, 781], [1032, 781], [1031, 782], [1029, 782], [1028, 783], [1027, 783], [1025, 785], [1024, 785], [1023, 786], [1022, 786], [1021, 787], [1020, 787], [1019, 788], [1018, 788], [1016, 790], [1015, 790], [1013, 792], [1012, 792], [1009, 795], [1008, 795], [1005, 798], [1004, 798], [1002, 800], [1001, 800], [997, 804], [996, 804], [996, 805], [992, 809], [992, 810], [991, 811], [991, 812], [990, 813], [990, 817], [991, 818], [991, 820], [992, 821], [992, 822], [994, 824], [994, 826], [996, 828], [996, 829], [997, 829], [1000, 832], [1002, 832], [1003, 833], [1005, 833], [1006, 834], [1018, 834], [1019, 835], [1031, 835], [1032, 834], [1051, 834], [1052, 833], [1056, 833], [1058, 831], [1062, 831], [1063, 830], [1065, 830], [1066, 829], [1067, 829], [1068, 828], [1071, 828], [1072, 827], [1073, 827], [1074, 826], [1075, 826], [1076, 825], [1077, 825], [1078, 824], [1079, 824], [1082, 821], [1083, 821], [1086, 818], [1087, 818], [1088, 817], [1088, 816], [1092, 812], [1092, 811], [1093, 810], [1093, 809], [1094, 808], [1094, 807], [1095, 806], [1095, 789], [1094, 788], [1094, 787], [1092, 785], [1092, 784], [1090, 782], [1089, 782], [1087, 780], [1086, 780], [1085, 779], [1084, 779], [1083, 778], [1082, 778], [1081, 777], [1080, 777], [1079, 776], [1078, 776], [1077, 775], [1075, 775], [1074, 774], [1072, 774], [1071, 773], [1069, 773], [1068, 772]]","[[1006, 855], [983, 801], [1082, 758], [1105, 813]]",0.98534167,pixels
70,MHR.7997.jpg,avicularium,100.70077514648438,82.210693359375,5016.5,312.83556711673737,0.9546146527117031,0.644137278441976,0.5813520191846787,110.93727111816406,64.49360656738281,-72.42874145507812,194,1699,0.1974178572575422,0.01129571000971589,0.0009264237937068728,0.00017740862216824736,6.997972093673313e-08,1.7484614423710824e-05,-1.6605303890914167e-08,"[[144, 1657], [144, 1659], [143, 1660], [143, 1676], [144, 1677], [144, 1679], [148, 1683], [148, 1684], [149, 1685], [149, 1686], [150, 1687], [150, 1690], [151, 1691], [151, 1692], [153, 1694], [153, 1695], [157, 1699], [157, 1700], [162, 1705], [162, 1707], [163, 1707], [165, 1709], [165, 1710], [168, 1713], [168, 1715], [169, 1716], [169, 1717], [175, 1723], [175, 1724], [179, 1728], [180, 1728], [184, 1732], [185, 1732], [186, 1733], [187, 1733], [188, 1734], [189, 1734], [190, 1735], [191, 1735], [192, 1736], [194, 1736], [195, 1737], [219, 1737], [220, 1736], [224, 1736], [225, 1735], [226, 1735], [229, 1732], [230, 1732], [231, 1731], [232, 1731], [238, 1725], [238, 1724], [239, 1723], [239, 1722], [240, 1721], [240, 1719], [241, 1718], [241, 1701], [240, 1700], [240, 1698], [239, 1697], [239, 1694], [238, 1693], [238, 1692], [229, 1683], [228, 1683], [225, 1680], [224, 1680], [223, 1679], [221, 1679], [220, 1678], [219, 1678], [218, 1677], [217, 1677], [216, 1676], [213, 1676], [212, 1675], [210, 1675], [209, 1674], [206, 1674], [205, 1673], [201, 1673], [200, 1672], [198, 1672], [197, 1671], [192, 1671], [191, 1670], [186, 1670], [185, 1669], [184, 1669], [183, 1668], [178, 1668], [177, 1667], [172, 1667], [171, 1666], [170, 1666], [169, 1665], [166, 1665], [165, 1666], [164, 1666], [163, 1667], [160, 1667], [157, 1664], [157, 1663], [159, 1661], [160, 1661], [161, 1660], [163, 1660], [160, 1660], [159, 1659], [158, 1659], [156, 1657]]","[[231, 1748], [125, 1715], [145, 1653], [250, 1687]]",0.96506864,pixels
71,MHR.7997.jpg,avicularium,62.19580078125,117.5516357421875,4502.5,294.208150267601,0.9611484683530793,0.6536634268413318,0.41778528034917156,116.88520050048828,48.832916259765625,-78.69007110595703,893,1259,0.23453985089944704,0.02865247184233042,0.0003189169077741816,4.439580125050956e-05,2.1761645995741586e-09,6.764712851531983e-07,-4.813592285427322e-09,"[[900, 1204], [899, 1205], [898, 1205], [897, 1206], [896, 1206], [894, 1208], [894, 1209], [893, 1210], [893, 1211], [889, 1215], [888, 1215], [887, 1216], [887, 1217], [883, 1221], [883, 1222], [882, 1223], [882, 1224], [881, 1225], [881, 1226], [879, 1228], [879, 1230], [878, 1231], [878, 1234], [877, 1235], [877, 1236], [875, 1238], [875, 1240], [874, 1241], [874, 1244], [873, 1245], [873, 1248], [871, 1250], [871, 1253], [870, 1254], [870, 1256], [869, 1257], [869, 1258], [868, 1259], [868, 1262], [867, 1263], [867, 1266], [866, 1267], [866, 1274], [865, 1275], [865, 1283], [866, 1284], [866, 1291], [867, 1292], [867, 1296], [868, 1297], [868, 1299], [869, 1300], [869, 1302], [870, 1303], [870, 1304], [871, 1305], [871, 1306], [873, 1308], [873, 1309], [875, 1311], [876, 1311], [879, 1314], [880, 1314], [882, 1316], [884, 1316], [885, 1317], [890, 1317], [891, 1316], [892, 1316], [893, 1315], [895, 1315], [898, 1312], [899, 1312], [902, 1309], [902, 1308], [904, 1306], [904, 1305], [906, 1303], [906, 1302], [907, 1301], [907, 1300], [908, 1299], [908, 1298], [909, 1297], [909, 1295], [910, 1294], [910, 1292], [911, 1291], [911, 1287], [912, 1286], [912, 1280], [913, 1279], [913, 1264], [914, 1263], [914, 1261], [915, 1260], [915, 1256], [916, 1255], [916, 1254], [915, 1253], [915, 1247], [919, 1243], [919, 1241], [920, 1240], [920, 1239], [921, 1238], [921, 1236], [922, 1235], [922, 1232], [923, 1231], [923, 1217], [922, 1216], [922, 1215], [921, 1214], [921, 1208], [918, 1205], [917, 1205], [916, 1204]]","[[904, 1321], [857, 1311], [880, 1196], [927, 1206]]",0.95530385,pixels
72,MHR.7997.jpg,avicularium,66.89019775390625,110.96728515625,5058.5,303.8650041818619,0.9320128972823584,0.6884465801533094,0.5634623304504935,109.11460876464844,61.481971740722656,-2.602562189102173,902,2072,0.21136127161517015,0.01672331315478315,0.0007950138942748703,0.00015752598787516673,5.397944765985053e-08,1.963881210844869e-05,1.3923501426842387e-08,"[[889, 2022], [888, 2023], [886, 2023], [885, 2024], [884, 2024], [883, 2025], [881, 2025], [878, 2028], [877, 2028], [874, 2031], [874, 2032], [871, 2035], [871, 2036], [870, 2037], [870, 2042], [869, 2043], [869, 2060], [870, 2061], [870, 2066], [871, 2067], [871, 2069], [872, 2070], [872, 2071], [873, 2072], [873, 2073], [874, 2074], [874, 2076], [875, 2077], [875, 2078], [876, 2079], [876, 2080], [877, 2081], [877, 2082], [880, 2085], [880, 2086], [881, 2087], [881, 2088], [882, 2089], [882, 2090], [883, 2091], [883, 2094], [886, 2097], [886, 2101], [887, 2102], [887, 2104], [888, 2105], [888, 2110], [890, 2112], [890, 2113], [892, 2115], [892, 2116], [893, 2117], [893, 2118], [895, 2120], [895, 2121], [896, 2122], [896, 2124], [901, 2129], [904, 2129], [905, 2130], [916, 2130], [917, 2129], [921, 2129], [922, 2128], [923, 2128], [924, 2127], [925, 2127], [929, 2123], [930, 2123], [931, 2122], [931, 2120], [932, 2119], [932, 2118], [933, 2117], [933, 2114], [932, 2113], [932, 2109], [929, 2106], [929, 2104], [928, 2103], [928, 2101], [927, 2100], [927, 2099], [925, 2097], [925, 2091], [924, 2090], [924, 2081], [925, 2080], [925, 2074], [926, 2073], [926, 2071], [927, 2070], [927, 2067], [928, 2066], [928, 2065], [929, 2064], [929, 2063], [930, 2062], [930, 2048], [929, 2047], [929, 2045], [928, 2044], [928, 2042], [927, 2041], [927, 2040], [926, 2039], [926, 2038], [924, 2036], [924, 2035], [922, 2033], [922, 2032], [919, 2029], [919, 2028], [917, 2026], [916, 2026], [915, 2025], [914, 2025], [913, 2024], [912, 2024], [911, 2023], [908, 2023], [907, 2022]]","[[872, 2131], [867, 2022], [928, 2020], [933, 2129]]",0.95206374,pixels
73,MHR.7997.jpg,avicularium,107.6708984375,116.649169921875,7927.5,365.1198377609253,0.9720434062902336,0.7472660559907922,0.6135022047670862,133.55792236328125,81.93807983398438,-61.99082565307617,790,2419,0.18787180071043305,0.008732526430760671,0.0004566656841555008,4.814827762052205e-05,6.869417120260456e-09,4.172417749522848e-06,-1.9452921138698467e-09,"[[798, 2362], [797, 2363], [791, 2363], [790, 2364], [790, 2365], [787, 2368], [785, 2368], [784, 2369], [783, 2369], [782, 2370], [781, 2370], [778, 2373], [778, 2374], [772, 2380], [772, 2381], [771, 2382], [771, 2383], [766, 2388], [766, 2389], [765, 2390], [765, 2391], [764, 2392], [764, 2394], [763, 2395], [763, 2397], [762, 2398], [762, 2400], [761, 2401], [761, 2402], [759, 2404], [759, 2405], [758, 2406], [758, 2408], [757, 2409], [757, 2410], [756, 2411], [756, 2412], [755, 2413], [755, 2415], [754, 2416], [754, 2417], [750, 2421], [750, 2422], [748, 2424], [748, 2425], [745, 2428], [745, 2429], [744, 2430], [744, 2431], [743, 2432], [743, 2433], [741, 2435], [741, 2436], [740, 2437], [740, 2438], [739, 2439], [739, 2444], [738, 2445], [738, 2472], [739, 2473], [739, 2474], [740, 2474], [741, 2475], [757, 2475], [758, 2476], [760, 2476], [761, 2475], [769, 2475], [770, 2474], [778, 2474], [779, 2473], [780, 2473], [782, 2471], [782, 2467], [783, 2466], [784, 2466], [785, 2465], [787, 2465], [788, 2464], [790, 2464], [791, 2463], [792, 2463], [793, 2462], [794, 2462], [796, 2460], [797, 2460], [800, 2457], [803, 2457], [803, 2456], [807, 2452], [808, 2452], [809, 2451], [811, 2451], [814, 2448], [815, 2448], [816, 2447], [817, 2447], [819, 2445], [821, 2445], [825, 2441], [826, 2441], [827, 2440], [827, 2439], [834, 2432], [835, 2432], [835, 2431], [837, 2429], [837, 2428], [838, 2427], [838, 2426], [839, 2425], [839, 2423], [840, 2422], [840, 2421], [841, 2420], [841, 2415], [842, 2414], [842, 2395], [841, 2394], [841, 2392], [840, 2391], [840, 2389], [839, 2388], [839, 2386], [838, 2385], [838, 2384], [837, 2383], [837, 2382], [835, 2380], [835, 2379], [834, 2378], [834, 2377], [826, 2369], [825, 2369], [824, 2368], [823, 2368], [822, 2367], [821, 2367], [820, 2366], [819, 2366], [818, 2365], [816, 2365], [815, 2364], [812, 2364], [811, 2363], [805, 2363], [804, 2362]]","[[796, 2504], [724, 2466], [787, 2348], [859, 2386]]",0.95120615,pixels
74,MHR.7997.jpg,avicularium,88.4876708984375,71.3929443359375,4398.0,278.3086552619934,0.9446890774352916,0.7135290565264809,0.7674418604651163,86.0,66.0,-90.0,1390,953,0.174817038663071,0.002839066386249991,0.0005535441977745553,1.4955021122548455e-05,-1.4285311963604882e-10,1.1285114772872842e-07,1.3531625863036612e-09,"[[1404, 923], [1403, 924], [1400, 924], [1399, 925], [1397, 925], [1396, 926], [1392, 926], [1391, 927], [1386, 927], [1385, 928], [1382, 928], [1381, 927], [1378, 927], [1377, 928], [1375, 928], [1373, 930], [1370, 930], [1369, 929], [1369, 928], [1368, 927], [1364, 927], [1363, 926], [1357, 926], [1356, 925], [1352, 925], [1352, 926], [1351, 927], [1351, 955], [1352, 956], [1352, 958], [1353, 959], [1353, 972], [1354, 973], [1354, 977], [1355, 978], [1355, 979], [1358, 982], [1359, 982], [1361, 984], [1362, 984], [1363, 985], [1368, 985], [1369, 986], [1369, 987], [1370, 987], [1372, 989], [1374, 989], [1377, 986], [1380, 986], [1381, 987], [1387, 987], [1389, 989], [1395, 989], [1396, 988], [1402, 988], [1403, 987], [1404, 987], [1408, 983], [1408, 980], [1409, 979], [1411, 979], [1412, 978], [1412, 977], [1411, 976], [1415, 972], [1416, 972], [1417, 971], [1418, 971], [1419, 970], [1419, 969], [1425, 963], [1425, 962], [1426, 961], [1426, 960], [1427, 959], [1428, 959], [1431, 956], [1432, 956], [1432, 955], [1436, 951], [1436, 950], [1437, 949], [1437, 938], [1435, 936], [1435, 935], [1434, 934], [1433, 934], [1431, 932], [1430, 932], [1428, 930], [1427, 930], [1424, 927], [1422, 927], [1421, 926], [1416, 926], [1415, 925], [1412, 925], [1411, 924], [1406, 924], [1405, 923]]","[[1437, 989], [1351, 989], [1351, 923], [1437, 923]]",0.9375163,pixels
75,MHR.7997.jpg,avicularium,85.1873779296875,84.71337890625,3990.0,266.59292578697205,0.9777015437392796,0.7054813183410537,0.4809416877862828,103.6928939819336,49.870235443115234,-35.537681579589844,1642,1760,0.20593184201844866,0.01628917564428437,0.00018681128878260262,1.0308341763450426e-05,-4.4260204589986033e-10,-1.2523213008968468e-06,-9.34534182034917e-11,"[[1662, 1724], [1661, 1725], [1658, 1725], [1657, 1726], [1655, 1726], [1653, 1728], [1651, 1728], [1650, 1729], [1648, 1729], [1646, 1731], [1645, 1731], [1644, 1732], [1643, 1732], [1642, 1733], [1641, 1733], [1639, 1735], [1636, 1735], [1634, 1737], [1633, 1737], [1632, 1738], [1629, 1738], [1626, 1741], [1625, 1741], [1619, 1747], [1618, 1747], [1614, 1751], [1613, 1751], [1613, 1754], [1611, 1756], [1610, 1756], [1609, 1757], [1608, 1757], [1608, 1759], [1609, 1760], [1607, 1762], [1607, 1763], [1606, 1764], [1606, 1765], [1605, 1766], [1605, 1790], [1606, 1791], [1606, 1795], [1607, 1796], [1607, 1797], [1608, 1798], [1608, 1799], [1611, 1802], [1612, 1802], [1615, 1805], [1617, 1805], [1618, 1804], [1619, 1804], [1620, 1803], [1622, 1803], [1623, 1802], [1624, 1802], [1628, 1798], [1629, 1798], [1630, 1797], [1632, 1797], [1634, 1795], [1634, 1794], [1636, 1792], [1637, 1792], [1638, 1791], [1639, 1791], [1640, 1790], [1641, 1790], [1642, 1789], [1643, 1789], [1645, 1787], [1646, 1787], [1648, 1785], [1649, 1785], [1652, 1782], [1653, 1782], [1655, 1780], [1656, 1780], [1659, 1777], [1660, 1777], [1662, 1775], [1663, 1775], [1666, 1772], [1667, 1772], [1674, 1765], [1674, 1764], [1680, 1758], [1680, 1757], [1682, 1755], [1682, 1754], [1683, 1753], [1683, 1751], [1684, 1750], [1684, 1748], [1685, 1747], [1685, 1729], [1684, 1728], [1684, 1727], [1681, 1724]]","[[1615, 1809], [1586, 1768], [1670, 1708], [1699, 1748]]",0.9306957,pixels
76,MHR.7997.jpg,avicularium,85.781005859375,85.842529296875,4681.0,269.2792180776596,0.9842304457527334,0.8112278092579599,0.6614014686079968,96.61942291259766,63.90422821044922,-59.420772552490234,1275,2112,0.17636465224406023,0.00502450502064898,0.00024940871349368493,1.641527754410666e-05,1.0078904176231703e-09,1.116025117824001e-06,-2.9557086574880274e-10,"[[1242, 2074], [1241, 2075], [1239, 2075], [1236, 2078], [1236, 2079], [1235, 2080], [1235, 2082], [1234, 2083], [1234, 2094], [1235, 2095], [1235, 2100], [1236, 2101], [1236, 2104], [1237, 2105], [1237, 2106], [1238, 2107], [1238, 2108], [1239, 2109], [1239, 2110], [1240, 2111], [1240, 2112], [1241, 2113], [1241, 2115], [1243, 2117], [1243, 2118], [1244, 2119], [1244, 2121], [1246, 2123], [1246, 2124], [1247, 2125], [1247, 2126], [1249, 2128], [1249, 2129], [1250, 2130], [1250, 2131], [1255, 2136], [1255, 2137], [1259, 2141], [1260, 2141], [1264, 2145], [1265, 2145], [1267, 2147], [1268, 2147], [1269, 2148], [1270, 2148], [1271, 2149], [1272, 2149], [1273, 2150], [1274, 2150], [1275, 2151], [1278, 2151], [1279, 2152], [1295, 2152], [1296, 2151], [1298, 2151], [1299, 2150], [1300, 2150], [1301, 2149], [1302, 2149], [1304, 2147], [1305, 2147], [1311, 2141], [1311, 2140], [1312, 2139], [1312, 2138], [1313, 2137], [1313, 2136], [1314, 2135], [1314, 2134], [1316, 2132], [1316, 2125], [1317, 2124], [1317, 2111], [1316, 2110], [1316, 2105], [1315, 2104], [1315, 2103], [1311, 2099], [1310, 2099], [1308, 2097], [1307, 2097], [1306, 2096], [1305, 2096], [1304, 2095], [1303, 2095], [1302, 2094], [1301, 2094], [1300, 2093], [1299, 2093], [1298, 2092], [1297, 2092], [1296, 2091], [1295, 2091], [1293, 2089], [1292, 2089], [1290, 2087], [1289, 2087], [1286, 2084], [1285, 2084], [1284, 2083], [1283, 2083], [1282, 2082], [1281, 2082], [1280, 2081], [1279, 2081], [1277, 2079], [1275, 2079], [1274, 2078], [1272, 2078], [1271, 2077], [1269, 2077], [1268, 2076], [1262, 2076], [1261, 2075], [1256, 2075], [1255, 2074]]","[[1296, 2164], [1213, 2115], [1246, 2060], [1329, 2109]]",0.92882526,pixels
77,MHR.7997.jpg,avicularium,67.5491943359375,77.9677734375,3976.5,243.9238796234131,0.9816094791409529,0.8398509407643504,0.8666666666666667,75.0,65.0,-90.0,1880,2297,0.16473584407415937,0.0016338499959474605,5.1064853871658835e-06,8.280645607452363e-08,-1.5012210948337503e-14,-2.3260796382967015e-09,-5.171148107864894e-14,"[[1874, 2261], [1873, 2262], [1869, 2262], [1867, 2264], [1866, 2264], [1864, 2266], [1864, 2267], [1863, 2268], [1862, 2268], [1861, 2269], [1860, 2269], [1858, 2271], [1858, 2272], [1857, 2273], [1857, 2274], [1856, 2275], [1856, 2277], [1855, 2278], [1855, 2280], [1854, 2281], [1854, 2282], [1853, 2283], [1853, 2284], [1852, 2285], [1852, 2287], [1851, 2288], [1851, 2291], [1850, 2292], [1850, 2293], [1849, 2294], [1849, 2295], [1848, 2296], [1848, 2314], [1849, 2315], [1849, 2319], [1851, 2321], [1851, 2322], [1852, 2323], [1852, 2324], [1853, 2325], [1853, 2326], [1859, 2332], [1860, 2332], [1861, 2333], [1862, 2333], [1863, 2334], [1864, 2334], [1865, 2335], [1866, 2335], [1867, 2336], [1884, 2336], [1885, 2335], [1886, 2335], [1887, 2334], [1888, 2334], [1889, 2333], [1891, 2333], [1893, 2331], [1896, 2331], [1896, 2330], [1898, 2328], [1899, 2328], [1900, 2329], [1901, 2329], [1901, 2323], [1903, 2321], [1904, 2321], [1904, 2319], [1906, 2317], [1906, 2314], [1908, 2312], [1908, 2309], [1909, 2308], [1909, 2306], [1910, 2305], [1910, 2304], [1911, 2303], [1911, 2301], [1912, 2300], [1912, 2290], [1913, 2289], [1913, 2283], [1912, 2282], [1912, 2275], [1911, 2274], [1911, 2273], [1910, 2272], [1910, 2271], [1907, 2268], [1907, 2267], [1903, 2263], [1902, 2263], [1901, 2262], [1900, 2262], [1899, 2261]]","[[1913, 2336], [1848, 2336], [1848, 2261], [1913, 2261]]",0.9034518,pixels
78,MHR.7997.jpg,avicularium,64.893798828125,117.9425048828125,4575.0,301.27921772003174,0.9714407049580635,0.6333774721287847,0.41074856310226276,121.95687866210938,50.09361267089844,-20.55604362487793,573,1485,0.24576313550852785,0.03403271861818608,0.0005434669494467196,0.000184815652999913,5.855196585895969e-08,3.402879987745216e-05,-1.5555756835083277e-09,"[[555, 1425], [554, 1426], [552, 1426], [551, 1427], [549, 1427], [546, 1430], [546, 1431], [545, 1432], [545, 1433], [544, 1434], [544, 1441], [545, 1442], [545, 1449], [544, 1450], [544, 1453], [545, 1454], [545, 1458], [546, 1459], [546, 1461], [547, 1462], [547, 1463], [548, 1464], [548, 1471], [549, 1472], [549, 1480], [550, 1481], [550, 1483], [551, 1484], [551, 1490], [552, 1491], [552, 1495], [553, 1496], [553, 1503], [554, 1504], [554, 1505], [555, 1506], [555, 1511], [556, 1512], [556, 1513], [557, 1514], [557, 1515], [558, 1516], [558, 1519], [562, 1523], [562, 1526], [563, 1527], [563, 1528], [569, 1534], [570, 1534], [574, 1538], [575, 1538], [576, 1539], [580, 1539], [581, 1540], [595, 1540], [601, 1534], [601, 1533], [603, 1531], [603, 1529], [604, 1528], [604, 1525], [605, 1524], [605, 1505], [604, 1504], [604, 1499], [603, 1498], [603, 1497], [602, 1496], [602, 1494], [601, 1493], [601, 1491], [600, 1490], [600, 1489], [599, 1488], [599, 1487], [598, 1486], [598, 1485], [597, 1484], [597, 1483], [596, 1482], [596, 1481], [595, 1480], [595, 1479], [593, 1477], [593, 1476], [592, 1475], [592, 1474], [590, 1472], [590, 1471], [589, 1470], [589, 1469], [588, 1468], [588, 1466], [587, 1465], [587, 1464], [586, 1463], [586, 1462], [585, 1461], [585, 1459], [584, 1458], [584, 1456], [583, 1455], [583, 1454], [581, 1452], [581, 1451], [580, 1450], [580, 1449], [579, 1448], [579, 1447], [578, 1446], [578, 1443], [577, 1442], [577, 1441], [576, 1440], [576, 1439], [575, 1438], [575, 1437], [573, 1435], [573, 1434], [571, 1432], [571, 1431], [568, 1428], [567, 1428], [566, 1427], [565, 1427], [564, 1426], [563, 1426], [562, 1425]]","[[569, 1549], [526, 1435], [573, 1417], [616, 1531]]",0.89845026,pixels
79,MHR.7997.jpg,avicularium,115.7939453125,87.161376953125,6157.5,320.1492745876312,0.9801034619976124,0.7549344435354266,0.5697674447327695,123.54385375976562,70.39126586914062,-28.61046028137207,1099,2335,0.18884824432533706,0.009377255526443551,0.0003497576755883059,5.4373804095196795e-05,7.488406875803774e-09,5.220038158537908e-06,3.8686109345783534e-10,"[[1107, 2293], [1106, 2294], [1103, 2294], [1102, 2295], [1100, 2295], [1098, 2297], [1097, 2297], [1096, 2298], [1095, 2298], [1094, 2299], [1093, 2299], [1092, 2300], [1091, 2300], [1090, 2301], [1089, 2301], [1087, 2303], [1086, 2303], [1085, 2304], [1084, 2304], [1081, 2307], [1080, 2307], [1079, 2308], [1078, 2308], [1072, 2314], [1072, 2315], [1069, 2318], [1069, 2319], [1067, 2321], [1067, 2322], [1065, 2324], [1065, 2326], [1063, 2328], [1063, 2329], [1061, 2331], [1061, 2332], [1060, 2333], [1060, 2334], [1054, 2340], [1054, 2341], [1053, 2342], [1053, 2343], [1051, 2345], [1050, 2345], [1047, 2348], [1047, 2349], [1046, 2350], [1046, 2351], [1045, 2352], [1045, 2353], [1044, 2354], [1044, 2355], [1043, 2356], [1043, 2357], [1042, 2358], [1042, 2368], [1045, 2371], [1045, 2373], [1046, 2374], [1051, 2374], [1052, 2375], [1060, 2375], [1061, 2374], [1073, 2374], [1074, 2373], [1078, 2373], [1079, 2372], [1089, 2372], [1090, 2371], [1099, 2371], [1100, 2370], [1102, 2370], [1103, 2369], [1104, 2369], [1105, 2368], [1108, 2368], [1109, 2367], [1111, 2367], [1112, 2366], [1114, 2366], [1115, 2365], [1116, 2365], [1117, 2364], [1119, 2364], [1120, 2363], [1122, 2363], [1123, 2362], [1124, 2362], [1125, 2361], [1126, 2361], [1128, 2359], [1129, 2359], [1131, 2357], [1132, 2357], [1136, 2353], [1137, 2353], [1142, 2348], [1142, 2347], [1144, 2345], [1144, 2344], [1145, 2343], [1145, 2342], [1146, 2341], [1146, 2340], [1148, 2338], [1148, 2337], [1149, 2336], [1149, 2335], [1150, 2334], [1150, 2332], [1151, 2331], [1151, 2326], [1152, 2325], [1152, 2317], [1151, 2316], [1151, 2310], [1150, 2309], [1150, 2308], [1144, 2302], [1143, 2302], [1142, 2301], [1141, 2301], [1140, 2300], [1138, 2300], [1137, 2299], [1136, 2299], [1135, 2298], [1134, 2298], [1133, 2297], [1132, 2297], [1130, 2295], [1126, 2295], [1125, 2294], [1123, 2294], [1122, 2293]]","[[1058, 2397], [1024, 2336], [1133, 2276], [1166, 2338]]",0.883425,pixels
80,MHR.7997.jpg,avicularium,135.17935180664062,97.870849609375,8691.5,364.29141199588776,0.9858779491833031,0.8230130704467863,0.7377049180327869,122.0,90.0,-90.0,542,346,0.16712495213649559,0.0024003291831149005,9.056227030027247e-06,3.019233871780476e-07,1.7657583663907266e-14,4.3027778145448925e-09,-4.989384599725276e-13,"[[531, 300], [530, 301], [522, 301], [521, 302], [519, 302], [518, 303], [516, 303], [515, 304], [514, 304], [513, 305], [512, 305], [511, 306], [509, 306], [508, 307], [506, 307], [505, 308], [504, 308], [503, 309], [502, 309], [501, 310], [500, 310], [499, 311], [498, 311], [489, 320], [489, 321], [486, 324], [486, 325], [484, 327], [484, 328], [483, 329], [483, 332], [482, 333], [482, 335], [481, 336], [481, 340], [482, 341], [482, 342], [483, 343], [483, 347], [485, 349], [485, 350], [486, 351], [486, 352], [487, 353], [487, 354], [488, 355], [488, 358], [490, 360], [490, 361], [491, 362], [491, 364], [493, 366], [494, 366], [496, 368], [494, 370], [494, 371], [496, 373], [498, 373], [500, 375], [497, 378], [498, 379], [499, 379], [500, 380], [500, 381], [501, 382], [503, 382], [504, 383], [505, 383], [507, 385], [508, 385], [509, 386], [510, 386], [511, 387], [512, 387], [513, 388], [517, 388], [518, 389], [536, 389], [537, 390], [568, 390], [569, 389], [582, 389], [583, 388], [584, 388], [585, 387], [586, 387], [591, 382], [591, 381], [593, 379], [593, 378], [596, 375], [596, 373], [597, 372], [597, 371], [598, 370], [598, 369], [599, 368], [599, 367], [600, 366], [600, 364], [602, 362], [602, 359], [603, 358], [603, 347], [602, 346], [602, 342], [601, 341], [601, 339], [600, 338], [600, 336], [599, 335], [599, 334], [595, 330], [595, 329], [586, 320], [585, 320], [581, 316], [580, 316], [578, 314], [577, 314], [575, 312], [574, 312], [572, 310], [571, 310], [569, 308], [568, 308], [567, 307], [566, 307], [565, 306], [563, 306], [562, 305], [561, 305], [560, 304], [558, 304], [557, 303], [555, 303], [554, 302], [549, 302], [548, 301], [541, 301], [540, 300]]","[[603, 390], [481, 390], [481, 300], [603, 300]]",0.87881196,pixels
81,MHR.7997.jpg,avicularium,116.208251953125,56.70867919921875,4656.0,288.65180146694183,0.9817606747496046,0.7022217731984461,0.46017699115044247,113.0,52.0,-90.0,1273,550,0.2171107422430633,0.021457390204205826,0.00012864994717667118,3.140062080284455e-05,1.9935921764589967e-09,4.588915468108308e-06,-9.337405239097136e-11,"[[1237, 526], [1236, 527], [1233, 527], [1232, 528], [1230, 528], [1229, 529], [1228, 529], [1225, 532], [1223, 532], [1220, 535], [1219, 535], [1217, 537], [1216, 537], [1216, 538], [1214, 540], [1214, 548], [1216, 550], [1216, 551], [1219, 554], [1219, 555], [1222, 558], [1222, 559], [1223, 560], [1224, 560], [1225, 561], [1226, 561], [1227, 562], [1229, 562], [1231, 564], [1233, 564], [1234, 565], [1235, 565], [1236, 566], [1239, 566], [1240, 567], [1242, 567], [1243, 568], [1245, 568], [1246, 569], [1247, 569], [1248, 570], [1252, 570], [1253, 571], [1255, 571], [1256, 572], [1260, 572], [1261, 573], [1263, 573], [1264, 574], [1265, 574], [1266, 575], [1268, 575], [1269, 576], [1273, 576], [1274, 577], [1277, 577], [1278, 578], [1298, 578], [1299, 577], [1305, 577], [1306, 576], [1308, 576], [1309, 575], [1310, 575], [1311, 574], [1313, 574], [1314, 573], [1315, 573], [1316, 572], [1318, 572], [1320, 570], [1321, 570], [1323, 568], [1324, 568], [1325, 567], [1325, 566], [1326, 565], [1326, 563], [1327, 562], [1327, 548], [1326, 547], [1326, 544], [1324, 542], [1323, 542], [1319, 538], [1318, 538], [1316, 536], [1315, 536], [1314, 535], [1312, 535], [1311, 534], [1309, 534], [1304, 529], [1303, 529], [1301, 527], [1298, 527], [1297, 526], [1296, 526], [1295, 527], [1286, 527], [1285, 526]]","[[1327, 578], [1214, 578], [1214, 526], [1327, 526]]",0.87360823,pixels
82,MHR.7997.jpg,avicularium,79.03817749023438,140.638427734375,6809.5,352.97770142555237,0.9733419096626644,0.68680041180078,0.4819734452089531,136.9871368408203,66.02416229248047,-81.02737426757812,472,1190,0.21227916521780768,0.018366593778990865,0.0004914485760048885,5.525851261180589e-05,6.173539430655798e-09,3.6573614317951737e-06,-6.69406712089987e-09,"[[462, 1126], [461, 1127], [460, 1127], [457, 1130], [456, 1130], [456, 1131], [454, 1133], [454, 1135], [452, 1137], [452, 1138], [451, 1139], [451, 1142], [450, 1143], [450, 1153], [449, 1154], [449, 1159], [448, 1160], [448, 1162], [449, 1163], [449, 1172], [448, 1173], [448, 1179], [445, 1182], [445, 1185], [444, 1186], [444, 1189], [443, 1190], [443, 1197], [442, 1198], [442, 1199], [441, 1200], [441, 1207], [440, 1208], [440, 1224], [441, 1225], [441, 1234], [442, 1235], [442, 1239], [443, 1240], [443, 1242], [444, 1243], [444, 1245], [446, 1247], [446, 1248], [447, 1249], [447, 1250], [450, 1253], [450, 1254], [453, 1257], [453, 1258], [454, 1258], [455, 1259], [456, 1259], [458, 1261], [459, 1261], [460, 1262], [466, 1262], [467, 1261], [468, 1261], [468, 1260], [471, 1257], [471, 1256], [473, 1254], [474, 1254], [475, 1253], [475, 1252], [477, 1250], [477, 1249], [478, 1248], [478, 1247], [484, 1241], [484, 1240], [485, 1239], [485, 1238], [486, 1237], [486, 1236], [487, 1235], [487, 1234], [490, 1231], [490, 1230], [491, 1229], [491, 1227], [492, 1226], [492, 1225], [493, 1224], [493, 1223], [494, 1222], [494, 1221], [495, 1220], [495, 1219], [496, 1218], [496, 1216], [497, 1215], [497, 1213], [498, 1212], [498, 1211], [499, 1210], [499, 1209], [501, 1207], [501, 1206], [502, 1205], [502, 1203], [503, 1202], [503, 1201], [504, 1200], [504, 1199], [505, 1198], [505, 1196], [507, 1194], [507, 1193], [508, 1192], [508, 1191], [509, 1190], [509, 1187], [510, 1186], [510, 1181], [511, 1180], [511, 1168], [510, 1167], [510, 1163], [509, 1162], [509, 1160], [508, 1159], [508, 1157], [507, 1156], [507, 1155], [506, 1154], [506, 1153], [505, 1152], [505, 1151], [503, 1149], [503, 1148], [501, 1146], [501, 1145], [498, 1142], [498, 1141], [495, 1138], [495, 1137], [492, 1134], [491, 1134], [487, 1130], [486, 1130], [485, 1129], [484, 1129], [483, 1128], [482, 1128], [481, 1127], [478, 1127], [477, 1126], [465, 1126], [464, 1127], [463, 1127]]","[[497, 1267], [431, 1257], [453, 1122], [518, 1132]]",0.8610277,pixels
83,MHR.7997.jpg,avicularium,130.3414306640625,85.7825927734375,6714.5,382.49242091178894,0.902972027972028,0.5767370797898598,0.6216441723379095,127.99529266357422,79.5675277709961,-1.112399697303772,1684,312,0.2250870066660347,0.017201890529686487,0.0034057534092158427,0.00040416728311495605,4.7410237183391735e-07,5.228612892828731e-05,-8.882254366349116e-09,"[[1734, 279], [1733, 280], [1726, 280], [1725, 281], [1718, 281], [1717, 282], [1712, 282], [1711, 283], [1707, 283], [1706, 284], [1699, 284], [1698, 285], [1685, 285], [1684, 284], [1675, 284], [1674, 283], [1659, 283], [1658, 282], [1650, 282], [1649, 281], [1631, 281], [1631, 282], [1630, 283], [1630, 286], [1629, 287], [1629, 288], [1630, 289], [1630, 294], [1631, 295], [1635, 295], [1637, 297], [1637, 298], [1636, 299], [1636, 304], [1635, 305], [1639, 309], [1639, 310], [1637, 312], [1637, 314], [1636, 315], [1636, 316], [1635, 317], [1635, 323], [1634, 324], [1634, 325], [1633, 326], [1633, 331], [1632, 332], [1632, 339], [1633, 340], [1633, 343], [1634, 344], [1634, 346], [1635, 347], [1635, 349], [1641, 355], [1642, 355], [1644, 357], [1646, 357], [1647, 358], [1648, 358], [1649, 359], [1653, 359], [1654, 360], [1661, 360], [1662, 359], [1664, 359], [1666, 357], [1667, 357], [1668, 356], [1669, 356], [1670, 355], [1671, 355], [1672, 354], [1673, 354], [1674, 353], [1675, 353], [1677, 351], [1678, 351], [1680, 349], [1681, 349], [1686, 344], [1687, 344], [1689, 342], [1690, 342], [1696, 336], [1697, 336], [1699, 334], [1700, 334], [1701, 333], [1702, 333], [1704, 331], [1705, 331], [1707, 329], [1708, 329], [1711, 326], [1714, 326], [1715, 325], [1716, 325], [1717, 324], [1718, 324], [1719, 323], [1721, 323], [1722, 322], [1725, 322], [1727, 320], [1728, 320], [1729, 319], [1734, 319], [1735, 318], [1736, 318], [1737, 317], [1738, 317], [1739, 316], [1741, 316], [1742, 315], [1743, 315], [1745, 313], [1746, 313], [1748, 311], [1749, 311], [1752, 308], [1753, 308], [1754, 307], [1755, 307], [1757, 305], [1757, 287], [1756, 286], [1756, 285], [1755, 284], [1754, 284], [1753, 283], [1750, 283], [1749, 282], [1745, 282], [1744, 281], [1741, 281], [1740, 280], [1739, 280], [1738, 279]]","[[1630, 360], [1628, 281], [1756, 278], [1758, 358]]",0.7988564,pixels
84,MHR.7997.jpg,avicularium,130.744140625,85.1663818359375,6503.0,358.04877054691315,0.956816008239535,0.637439900217793,0.4522383505290862,145.9644775390625,66.01073455810547,-66.9745101928711,501,1834,0.22711868837407825,0.024385219880702268,0.0009433383501230091,0.00027991236159508027,1.4365944038476637e-07,4.284106895691605e-05,-7.119699717582447e-09,"[[433, 1792], [432, 1793], [432, 1802], [434, 1804], [434, 1805], [435, 1806], [435, 1810], [436, 1811], [436, 1813], [437, 1814], [438, 1814], [439, 1815], [440, 1815], [441, 1816], [442, 1816], [444, 1818], [444, 1819], [451, 1826], [451, 1827], [454, 1830], [455, 1830], [457, 1832], [458, 1832], [460, 1834], [461, 1834], [467, 1840], [468, 1840], [473, 1845], [473, 1846], [478, 1851], [478, 1852], [481, 1855], [481, 1856], [482, 1857], [482, 1860], [488, 1866], [489, 1866], [491, 1868], [492, 1868], [495, 1871], [496, 1871], [497, 1872], [499, 1872], [500, 1873], [503, 1873], [504, 1874], [507, 1874], [508, 1875], [544, 1875], [545, 1874], [548, 1874], [549, 1873], [550, 1873], [551, 1872], [553, 1872], [554, 1871], [555, 1871], [559, 1867], [559, 1866], [560, 1865], [560, 1858], [561, 1857], [561, 1850], [560, 1849], [560, 1841], [559, 1840], [559, 1838], [557, 1836], [557, 1835], [552, 1830], [552, 1829], [545, 1822], [544, 1822], [543, 1821], [541, 1821], [538, 1818], [537, 1818], [536, 1817], [535, 1817], [534, 1816], [531, 1816], [530, 1815], [528, 1815], [527, 1814], [526, 1814], [525, 1813], [524, 1813], [523, 1812], [522, 1812], [521, 1811], [517, 1811], [516, 1810], [515, 1810], [514, 1809], [513, 1809], [512, 1808], [509, 1808], [508, 1807], [507, 1807], [506, 1806], [505, 1806], [504, 1805], [503, 1805], [502, 1804], [500, 1804], [499, 1803], [498, 1803], [497, 1802], [496, 1802], [494, 1800], [494, 1799], [489, 1799], [488, 1798], [482, 1798], [481, 1797], [476, 1797], [475, 1796], [471, 1796], [470, 1795], [468, 1795], [467, 1794], [466, 1794], [465, 1793], [460, 1793], [459, 1794], [456, 1794], [455, 1793], [453, 1793], [452, 1792]]","[[547, 1893], [413, 1836], [439, 1775], [573, 1832]]",0.79024386,pixels
85,MHR.7997.jpg,avicularium,94.01351928710938,130.50506591796875,7527.5,379.4041094779968,0.9502619453386354,0.6571379778519816,0.5816326774568727,134.0296630859375,77.9560317993164,-59.743560791015625,408,854,0.18859386404168443,0.007749704076302252,0.0006578583745227105,2.0483627120190484e-05,2.245565635066869e-10,-5.23540616512195e-09,2.367179278730381e-09,"[[435, 799], [434, 800], [433, 800], [432, 801], [431, 801], [430, 800], [428, 800], [428, 805], [427, 806], [427, 808], [425, 810], [424, 810], [423, 811], [422, 811], [418, 815], [417, 815], [416, 816], [413, 813], [413, 812], [412, 811], [409, 811], [408, 810], [408, 809], [407, 808], [407, 806], [405, 804], [405, 802], [404, 803], [402, 803], [401, 802], [401, 801], [400, 800], [398, 800], [395, 803], [392, 803], [390, 805], [389, 805], [387, 807], [387, 808], [385, 810], [385, 811], [384, 812], [384, 813], [382, 815], [382, 816], [381, 817], [381, 819], [380, 820], [380, 821], [379, 822], [379, 823], [378, 824], [378, 825], [377, 826], [377, 827], [375, 829], [375, 830], [374, 831], [374, 833], [373, 834], [373, 835], [372, 836], [372, 841], [371, 842], [371, 844], [370, 845], [370, 847], [369, 848], [369, 852], [368, 853], [368, 876], [369, 877], [369, 895], [370, 896], [370, 901], [371, 902], [371, 904], [372, 905], [372, 907], [373, 908], [373, 909], [374, 910], [374, 911], [375, 912], [375, 913], [382, 920], [384, 920], [385, 921], [392, 921], [393, 920], [394, 920], [399, 915], [400, 915], [401, 914], [402, 914], [409, 907], [410, 907], [411, 906], [412, 906], [414, 904], [414, 903], [418, 899], [418, 898], [422, 894], [423, 894], [425, 892], [425, 891], [427, 889], [427, 888], [428, 887], [428, 886], [432, 882], [432, 880], [433, 879], [433, 878], [438, 873], [438, 872], [440, 870], [440, 869], [441, 868], [441, 867], [442, 866], [442, 865], [444, 863], [444, 862], [446, 860], [446, 859], [447, 858], [447, 857], [448, 856], [448, 855], [450, 853], [450, 852], [451, 851], [451, 850], [453, 848], [453, 847], [454, 846], [454, 845], [455, 844], [455, 843], [456, 842], [456, 839], [457, 838], [457, 833], [458, 832], [458, 829], [459, 828], [459, 821], [458, 820], [458, 817], [457, 816], [457, 814], [456, 813], [456, 812], [448, 804], [447, 804], [444, 801], [443, 801], [442, 800], [437, 800], [436, 799]]","[[403, 932], [336, 893], [403, 777], [471, 816]]",0.7895051,pixels
86,MHR.7997.jpg,avicularium,58.308349609375,73.93798828125,3169.0,218.50966656208038,0.9792954264524104,0.8340475185470749,0.7718121513823734,72.2756118774414,55.78319549560547,-14.036243438720703,1871,2026,0.16754842727630362,0.0021455602023645382,0.00013306323475609504,2.7489728723344617e-06,4.979559931546799e-11,1.2602502777500265e-07,-1.6870036752616966e-11,"[[1866, 1989], [1865, 1990], [1863, 1990], [1859, 1994], [1859, 1995], [1855, 1999], [1855, 2000], [1850, 2005], [1850, 2006], [1849, 2007], [1849, 2008], [1848, 2009], [1848, 2010], [1847, 2011], [1847, 2012], [1846, 2013], [1846, 2016], [1845, 2017], [1845, 2023], [1844, 2024], [1844, 2030], [1845, 2031], [1845, 2037], [1846, 2038], [1846, 2041], [1847, 2042], [1847, 2044], [1848, 2045], [1848, 2049], [1851, 2052], [1851, 2053], [1852, 2054], [1852, 2056], [1853, 2057], [1853, 2058], [1855, 2060], [1856, 2060], [1857, 2061], [1875, 2061], [1876, 2060], [1880, 2060], [1881, 2059], [1883, 2059], [1884, 2058], [1885, 2058], [1886, 2057], [1887, 2057], [1892, 2052], [1893, 2052], [1895, 2050], [1898, 2050], [1899, 2049], [1899, 2044], [1900, 2043], [1900, 2027], [1899, 2026], [1899, 2023], [1898, 2022], [1898, 2021], [1897, 2020], [1897, 2019], [1896, 2018], [1896, 2017], [1895, 2016], [1895, 2015], [1894, 2014], [1894, 2013], [1893, 2012], [1893, 2008], [1891, 2006], [1891, 2005], [1890, 2004], [1890, 2003], [1889, 2002], [1889, 2001], [1888, 2000], [1888, 1999], [1887, 1998], [1887, 1997], [1885, 1995], [1885, 1994], [1883, 1992], [1883, 1991], [1882, 1990], [1881, 1990], [1880, 1989]]","[[1852, 2066], [1834, 1996], [1889, 1983], [1906, 2053]]",0.54573214,pixels
87,MHR.7997.jpg,ovicell,248.7034912109375,206.51641845703125,32492.0,773.5533851385117,0.8984128739700271,0.6823476915529274,0.779394469579109,236.3806610107422,184.23377990722656,-5.622400283813477,1641,520,0.18147155226434436,0.0031491007731761517,0.0009789997461357146,5.9169417565222974e-05,-1.2759284213417544e-08,-3.2358513156680133e-06,-6.324848378333696e-09,"[[1647, 423], [1646, 424], [1637, 424], [1636, 425], [1631, 425], [1630, 426], [1626, 426], [1625, 427], [1623, 427], [1622, 428], [1620, 428], [1619, 429], [1617, 429], [1616, 430], [1615, 430], [1614, 431], [1613, 431], [1612, 432], [1611, 432], [1610, 433], [1608, 433], [1607, 434], [1606, 434], [1605, 435], [1604, 435], [1603, 436], [1602, 436], [1601, 437], [1600, 437], [1599, 438], [1598, 438], [1597, 439], [1596, 439], [1594, 441], [1593, 441], [1592, 442], [1591, 442], [1590, 443], [1589, 443], [1586, 446], [1585, 446], [1583, 448], [1582, 448], [1576, 454], [1576, 455], [1569, 462], [1568, 462], [1567, 463], [1566, 463], [1564, 465], [1562, 465], [1561, 466], [1560, 466], [1559, 467], [1557, 467], [1549, 475], [1549, 476], [1548, 477], [1548, 478], [1547, 479], [1547, 480], [1546, 481], [1546, 482], [1545, 483], [1545, 484], [1543, 486], [1543, 488], [1542, 489], [1542, 490], [1541, 491], [1541, 493], [1540, 494], [1540, 495], [1539, 496], [1539, 498], [1537, 500], [1537, 501], [1536, 502], [1536, 503], [1535, 504], [1535, 506], [1534, 507], [1534, 508], [1533, 509], [1533, 511], [1532, 512], [1532, 514], [1531, 515], [1531, 517], [1530, 518], [1530, 521], [1529, 522], [1529, 532], [1528, 533], [1528, 547], [1529, 548], [1529, 571], [1530, 572], [1530, 574], [1531, 575], [1531, 577], [1532, 578], [1532, 580], [1533, 581], [1533, 583], [1534, 584], [1534, 586], [1535, 587], [1535, 589], [1536, 590], [1536, 591], [1537, 592], [1537, 593], [1539, 595], [1539, 596], [1541, 598], [1541, 599], [1542, 600], [1542, 602], [1543, 603], [1543, 604], [1544, 605], [1544, 606], [1546, 608], [1546, 609], [1548, 611], [1549, 611], [1551, 613], [1552, 613], [1553, 614], [1554, 614], [1555, 615], [1558, 615], [1559, 616], [1567, 616], [1568, 615], [1570, 615], [1571, 614], [1573, 614], [1577, 610], [1577, 609], [1579, 607], [1579, 606], [1581, 604], [1581, 603], [1584, 600], [1585, 600], [1586, 599], [1589, 599], [1590, 598], [1595, 598], [1596, 597], [1601, 597], [1602, 596], [1608, 596], [1609, 595], [1613, 595], [1614, 594], [1615, 594], [1616, 593], [1617, 593], [1618, 592], [1619, 592], [1620, 591], [1621, 591], [1622, 590], [1623, 590], [1624, 589], [1625, 589], [1626, 588], [1629, 588], [1630, 587], [1632, 587], [1633, 586], [1636, 586], [1638, 584], [1639, 584], [1640, 583], [1642, 583], [1643, 582], [1645, 582], [1646, 581], [1649, 581], [1650, 580], [1653, 580], [1654, 579], [1657, 579], [1658, 578], [1660, 578], [1661, 577], [1665, 577], [1666, 576], [1677, 576], [1678, 577], [1682, 577], [1683, 578], [1684, 578], [1685, 579], [1687, 579], [1688, 580], [1689, 580], [1690, 581], [1692, 581], [1693, 582], [1694, 582], [1696, 584], [1697, 584], [1698, 585], [1701, 585], [1702, 586], [1704, 586], [1705, 587], [1706, 587], [1707, 588], [1709, 588], [1710, 589], [1712, 589], [1713, 590], [1715, 590], [1716, 591], [1724, 591], [1725, 592], [1727, 592], [1728, 593], [1729, 593], [1730, 594], [1733, 594], [1734, 595], [1743, 595], [1744, 596], [1748, 596], [1749, 597], [1760, 597], [1765, 592], [1765, 591], [1766, 590], [1766, 589], [1767, 588], [1767, 587], [1768, 586], [1767, 585], [1767, 583], [1766, 582], [1766, 580], [1765, 579], [1765, 576], [1764, 575], [1764, 573], [1763, 572], [1763, 563], [1762, 562], [1762, 560], [1761, 559], [1761, 557], [1760, 556], [1760, 553], [1759, 552], [1759, 548], [1758, 547], [1758, 544], [1757, 543], [1757, 539], [1756, 538], [1756, 536], [1755, 535], [1755, 534], [1754, 533], [1754, 532], [1750, 528], [1750, 525], [1749, 524], [1749, 518], [1748, 517], [1748, 516], [1747, 515], [1747, 514], [1745, 512], [1748, 509], [1748, 508], [1751, 505], [1751, 497], [1750, 496], [1750, 495], [1749, 494], [1749, 492], [1748, 491], [1748, 483], [1747, 482], [1746, 482], [1745, 481], [1744, 481], [1743, 480], [1742, 480], [1741, 479], [1740, 479], [1739, 478], [1739, 477], [1738, 476], [1738, 475], [1724, 461], [1724, 460], [1722, 458], [1722, 457], [1717, 452], [1716, 452], [1715, 451], [1714, 451], [1712, 449], [1711, 449], [1710, 448], [1708, 448], [1707, 447], [1706, 447], [1704, 445], [1704, 444], [1700, 440], [1699, 440], [1698, 439], [1697, 439], [1695, 437], [1694, 437], [1693, 436], [1692, 436], [1691, 435], [1690, 435], [1689, 434], [1687, 434], [1685, 432], [1684, 432], [1682, 430], [1681, 430], [1680, 429], [1679, 429], [1678, 428], [1676, 428], [1675, 427], [1672, 427], [1671, 426], [1670, 426], [1669, 425], [1668, 425], [1667, 424], [1666, 424], [1665, 423]]","[[1533, 619], [1515, 435], [1750, 412], [1768, 596]]",0.99450475,pixels
88,MHR.7997.jpg,ovicell,123.76978302001953,199.036865234375,16164.0,550.4751768112183,0.920684646712044,0.670321619299394,0.583798361742726,197.26385498046875,115.16231536865234,-6.115503311157227,174,2013,0.18569281280955469,0.006320898345430619,0.00042063393713079994,3.860490019538424e-05,4.917209926880775e-09,1.8646766985918508e-06,1.4816130106456329e-10,"[[162, 1922], [161, 1923], [160, 1923], [159, 1924], [158, 1924], [157, 1925], [156, 1925], [155, 1926], [154, 1926], [153, 1927], [152, 1927], [148, 1931], [147, 1931], [145, 1933], [144, 1933], [142, 1935], [141, 1935], [131, 1945], [131, 1946], [128, 1949], [128, 1950], [126, 1952], [126, 1953], [125, 1954], [125, 1955], [123, 1957], [123, 1958], [122, 1959], [122, 1961], [121, 1962], [121, 1964], [120, 1965], [120, 1968], [119, 1969], [119, 1973], [118, 1974], [118, 1981], [117, 1982], [117, 1993], [116, 1994], [116, 2014], [115, 2015], [116, 2016], [116, 2031], [117, 2032], [117, 2040], [118, 2041], [118, 2048], [119, 2049], [119, 2059], [120, 2060], [120, 2065], [121, 2066], [121, 2069], [122, 2070], [122, 2071], [123, 2071], [124, 2072], [127, 2072], [128, 2073], [130, 2073], [131, 2074], [132, 2074], [133, 2075], [135, 2075], [136, 2076], [138, 2076], [139, 2075], [140, 2075], [141, 2076], [146, 2076], [147, 2075], [154, 2075], [155, 2074], [156, 2074], [157, 2073], [160, 2073], [161, 2072], [173, 2072], [174, 2073], [176, 2073], [177, 2074], [179, 2074], [180, 2075], [182, 2075], [183, 2076], [184, 2076], [187, 2079], [187, 2080], [189, 2082], [189, 2083], [190, 2084], [190, 2085], [191, 2086], [191, 2094], [192, 2095], [192, 2098], [193, 2099], [193, 2101], [192, 2102], [192, 2110], [193, 2111], [193, 2113], [194, 2114], [198, 2114], [199, 2115], [200, 2115], [201, 2116], [203, 2116], [204, 2115], [206, 2115], [207, 2114], [209, 2114], [210, 2113], [211, 2113], [216, 2108], [217, 2108], [218, 2107], [218, 2106], [221, 2103], [221, 2102], [222, 2101], [222, 2100], [223, 2099], [223, 2098], [225, 2096], [225, 2095], [226, 2094], [226, 2092], [227, 2091], [227, 2089], [228, 2088], [228, 2085], [229, 2084], [229, 2082], [230, 2081], [230, 2075], [231, 2074], [231, 2067], [232, 2066], [232, 2060], [233, 2059], [233, 2042], [232, 2041], [232, 2037], [231, 2036], [231, 2032], [230, 2031], [230, 2028], [229, 2027], [229, 2024], [228, 2023], [228, 2015], [227, 2014], [227, 2010], [226, 2009], [226, 1998], [225, 1997], [225, 1992], [224, 1991], [224, 1989], [223, 1988], [223, 1986], [222, 1985], [222, 1982], [221, 1981], [221, 1977], [220, 1976], [220, 1972], [219, 1971], [219, 1969], [218, 1968], [218, 1965], [217, 1964], [217, 1963], [216, 1962], [216, 1961], [212, 1957], [212, 1955], [211, 1954], [211, 1953], [210, 1952], [210, 1951], [209, 1950], [209, 1949], [207, 1947], [207, 1946], [202, 1941], [202, 1940], [200, 1938], [199, 1938], [198, 1937], [197, 1937], [196, 1936], [196, 1935], [195, 1934], [194, 1934], [189, 1929], [189, 1928], [188, 1927], [186, 1927], [185, 1926], [184, 1926], [183, 1925], [182, 1925], [181, 1924], [180, 1924], [179, 1923], [176, 1923], [175, 1922]]","[[125, 2124], [104, 1928], [219, 1915], [240, 2111]]",0.9636458,pixels
89,MHR.7997.jpg,ovicell,234.20416259765625,170.5732879638672,28796.0,718.9848421812057,0.9383472367049009,0.7000072850165541,0.746606334841629,221.0,165.0,-90.0,1085,87,0.17605114889889842,0.00383375757787478,0.0001373170917194594,9.396364010818129e-06,-1.3352616627750284e-10,-2.0381086012615578e-07,-3.0998684384301456e-10,"[[1033, 12], [1032, 13], [1026, 13], [1025, 14], [1022, 14], [1021, 15], [1020, 15], [1016, 19], [1015, 19], [1012, 22], [1011, 22], [1010, 23], [1010, 24], [1009, 25], [1009, 26], [1008, 27], [1008, 28], [1006, 30], [1006, 31], [1003, 34], [1003, 35], [1001, 37], [1001, 38], [1000, 39], [1000, 40], [999, 41], [999, 42], [998, 43], [998, 44], [997, 45], [997, 46], [995, 48], [995, 49], [994, 50], [994, 51], [993, 52], [993, 53], [991, 55], [991, 56], [990, 57], [990, 58], [986, 62], [986, 63], [985, 64], [985, 68], [984, 69], [984, 71], [983, 72], [983, 74], [982, 75], [982, 78], [981, 79], [981, 86], [980, 87], [980, 93], [979, 94], [979, 113], [980, 114], [980, 119], [981, 120], [981, 124], [982, 125], [982, 128], [983, 129], [983, 131], [984, 132], [984, 134], [985, 135], [985, 136], [986, 137], [986, 138], [987, 139], [987, 140], [988, 141], [988, 142], [989, 143], [989, 144], [990, 145], [990, 147], [991, 148], [991, 150], [992, 151], [992, 152], [993, 153], [993, 154], [994, 155], [994, 156], [995, 156], [1002, 163], [1003, 163], [1004, 164], [1006, 164], [1007, 165], [1009, 165], [1010, 166], [1012, 166], [1013, 167], [1015, 167], [1016, 168], [1019, 168], [1020, 169], [1025, 169], [1026, 170], [1030, 170], [1031, 171], [1033, 171], [1034, 172], [1036, 172], [1037, 173], [1040, 173], [1041, 174], [1045, 174], [1046, 175], [1053, 175], [1054, 176], [1060, 176], [1061, 177], [1063, 177], [1064, 176], [1068, 176], [1069, 175], [1072, 175], [1073, 176], [1081, 176], [1082, 175], [1085, 175], [1086, 174], [1087, 174], [1088, 173], [1089, 173], [1087, 171], [1085, 171], [1084, 170], [1082, 170], [1081, 169], [1079, 169], [1078, 168], [1077, 168], [1076, 167], [1076, 166], [1078, 164], [1078, 163], [1082, 159], [1083, 159], [1085, 157], [1086, 157], [1089, 154], [1090, 154], [1091, 153], [1092, 153], [1094, 151], [1095, 151], [1098, 148], [1099, 148], [1100, 147], [1101, 147], [1102, 146], [1103, 146], [1105, 144], [1106, 144], [1109, 141], [1110, 141], [1111, 140], [1113, 140], [1114, 139], [1117, 139], [1118, 138], [1120, 138], [1121, 137], [1122, 137], [1123, 136], [1124, 136], [1125, 135], [1127, 135], [1128, 134], [1130, 134], [1131, 135], [1133, 135], [1134, 136], [1135, 136], [1136, 137], [1137, 137], [1138, 138], [1139, 138], [1145, 144], [1145, 145], [1146, 146], [1147, 146], [1150, 149], [1151, 149], [1152, 150], [1153, 150], [1154, 151], [1155, 151], [1156, 152], [1157, 152], [1158, 153], [1159, 153], [1161, 155], [1163, 155], [1164, 154], [1165, 154], [1166, 153], [1167, 153], [1168, 152], [1169, 152], [1170, 151], [1171, 151], [1172, 150], [1173, 150], [1176, 147], [1177, 147], [1180, 144], [1180, 143], [1181, 142], [1181, 140], [1182, 139], [1182, 137], [1183, 136], [1183, 135], [1185, 133], [1185, 132], [1187, 130], [1187, 129], [1188, 128], [1188, 127], [1189, 126], [1189, 124], [1190, 123], [1190, 122], [1191, 121], [1191, 120], [1192, 119], [1192, 117], [1193, 116], [1193, 114], [1194, 113], [1194, 110], [1195, 109], [1195, 106], [1197, 104], [1197, 103], [1198, 102], [1198, 100], [1199, 99], [1199, 88], [1200, 87], [1200, 86], [1199, 85], [1199, 74], [1198, 73], [1198, 70], [1197, 69], [1197, 68], [1195, 66], [1195, 65], [1194, 64], [1194, 60], [1193, 59], [1193, 56], [1191, 54], [1191, 53], [1190, 52], [1190, 51], [1189, 50], [1189, 49], [1188, 48], [1188, 47], [1185, 44], [1185, 43], [1183, 41], [1183, 40], [1182, 39], [1182, 37], [1181, 36], [1181, 33], [1174, 26], [1174, 25], [1168, 19], [1168, 18], [1164, 14], [1161, 14], [1160, 13], [1155, 13], [1154, 12]]","[[1200, 177], [979, 177], [979, 12], [1200, 12]]",0.96093565,pixels
90,MHR.7997.jpg,ovicell,318.3155517578125,252.28564453125,64697.0,971.0681018829346,0.9906898399816246,0.8621734204161584,0.8202614379084967,306.0,251.0,-90.0,1612,2337,0.16552716322211503,0.0012147008328831446,0.00016625977734008158,2.2096515373849833e-06,1.2974298138810866e-12,2.496484239578745e-08,4.233264521119688e-11,"[[1597, 2203], [1596, 2204], [1574, 2204], [1573, 2205], [1569, 2205], [1568, 2206], [1566, 2206], [1565, 2207], [1564, 2207], [1563, 2208], [1562, 2208], [1560, 2210], [1559, 2210], [1557, 2212], [1556, 2212], [1553, 2215], [1553, 2216], [1550, 2219], [1550, 2220], [1546, 2224], [1546, 2225], [1542, 2229], [1542, 2230], [1540, 2232], [1540, 2233], [1534, 2239], [1533, 2239], [1529, 2243], [1529, 2244], [1523, 2250], [1522, 2250], [1520, 2252], [1520, 2253], [1518, 2255], [1517, 2255], [1514, 2258], [1513, 2258], [1511, 2260], [1510, 2260], [1509, 2261], [1509, 2262], [1499, 2272], [1498, 2272], [1497, 2273], [1496, 2273], [1495, 2274], [1494, 2274], [1493, 2275], [1492, 2275], [1491, 2276], [1490, 2276], [1488, 2278], [1487, 2278], [1484, 2281], [1484, 2282], [1479, 2287], [1478, 2287], [1471, 2294], [1471, 2295], [1467, 2299], [1467, 2300], [1466, 2301], [1466, 2302], [1465, 2303], [1465, 2305], [1464, 2306], [1464, 2308], [1463, 2309], [1463, 2310], [1462, 2311], [1462, 2312], [1461, 2313], [1461, 2315], [1460, 2316], [1460, 2320], [1459, 2321], [1459, 2324], [1458, 2325], [1458, 2327], [1457, 2328], [1457, 2330], [1456, 2331], [1456, 2332], [1455, 2333], [1455, 2335], [1454, 2336], [1454, 2339], [1453, 2340], [1453, 2343], [1452, 2344], [1452, 2351], [1451, 2352], [1451, 2359], [1450, 2360], [1450, 2388], [1451, 2389], [1451, 2392], [1452, 2393], [1452, 2395], [1453, 2396], [1453, 2398], [1454, 2399], [1454, 2400], [1455, 2401], [1455, 2402], [1456, 2403], [1456, 2404], [1457, 2405], [1457, 2406], [1459, 2408], [1459, 2409], [1460, 2410], [1460, 2411], [1462, 2413], [1462, 2414], [1465, 2417], [1466, 2417], [1472, 2423], [1472, 2424], [1474, 2426], [1474, 2427], [1477, 2430], [1478, 2430], [1484, 2436], [1485, 2436], [1487, 2438], [1488, 2438], [1489, 2439], [1490, 2439], [1493, 2442], [1494, 2442], [1497, 2445], [1498, 2445], [1500, 2447], [1502, 2447], [1503, 2448], [1504, 2448], [1505, 2449], [1507, 2449], [1508, 2450], [1510, 2450], [1511, 2451], [1519, 2451], [1520, 2452], [1531, 2452], [1532, 2453], [1577, 2453], [1578, 2454], [1706, 2454], [1707, 2453], [1712, 2453], [1713, 2452], [1715, 2452], [1716, 2451], [1718, 2451], [1720, 2449], [1721, 2449], [1723, 2447], [1724, 2447], [1725, 2446], [1726, 2446], [1727, 2445], [1728, 2445], [1732, 2441], [1732, 2440], [1741, 2431], [1741, 2430], [1742, 2429], [1742, 2428], [1743, 2427], [1743, 2425], [1744, 2424], [1744, 2422], [1745, 2421], [1745, 2419], [1746, 2418], [1746, 2416], [1747, 2415], [1747, 2414], [1748, 2413], [1748, 2412], [1753, 2407], [1753, 2406], [1754, 2405], [1754, 2400], [1755, 2399], [1755, 2380], [1756, 2379], [1756, 2331], [1755, 2330], [1755, 2279], [1754, 2278], [1754, 2272], [1753, 2271], [1753, 2261], [1752, 2260], [1752, 2259], [1751, 2258], [1751, 2257], [1750, 2256], [1749, 2256], [1743, 2250], [1743, 2249], [1742, 2248], [1742, 2247], [1741, 2246], [1741, 2244], [1738, 2241], [1737, 2241], [1731, 2235], [1731, 2234], [1728, 2231], [1727, 2231], [1721, 2225], [1720, 2225], [1719, 2224], [1718, 2224], [1717, 2223], [1714, 2223], [1713, 2222], [1709, 2222], [1708, 2221], [1706, 2221], [1705, 2220], [1703, 2220], [1702, 2219], [1701, 2219], [1700, 2218], [1698, 2218], [1697, 2217], [1696, 2217], [1695, 2216], [1692, 2216], [1691, 2215], [1687, 2215], [1686, 2214], [1683, 2214], [1682, 2213], [1678, 2213], [1677, 2212], [1673, 2212], [1672, 2211], [1667, 2211], [1666, 2210], [1661, 2210], [1660, 2209], [1656, 2209], [1655, 2208], [1649, 2208], [1648, 2207], [1635, 2207], [1634, 2206], [1627, 2206], [1626, 2205], [1617, 2205], [1616, 2204], [1604, 2204], [1603, 2203]]","[[1756, 2454], [1450, 2454], [1450, 2203], [1756, 2203]]",0.95681787,pixels
91,MHR.7997.jpg,ovicell,154.58935546875,127.9384765625,12544.5,467.34523379802704,0.9428056067039946,0.7217513153603786,0.789954320340482,148.801025390625,117.54601287841797,-87.70938873291016,1330,1641,0.1736403728869425,0.0014530692056196988,0.0009084738168531059,3.116603268836385e-05,8.404196323246275e-10,-3.196226250433952e-07,5.176411183925882e-09,"[[1324, 1577], [1323, 1578], [1318, 1578], [1317, 1579], [1315, 1579], [1314, 1580], [1312, 1580], [1311, 1581], [1309, 1581], [1308, 1582], [1307, 1582], [1301, 1588], [1300, 1588], [1295, 1593], [1295, 1594], [1291, 1598], [1291, 1599], [1286, 1604], [1285, 1604], [1285, 1605], [1283, 1607], [1283, 1608], [1282, 1609], [1282, 1610], [1280, 1612], [1280, 1613], [1278, 1615], [1278, 1616], [1277, 1617], [1277, 1618], [1275, 1620], [1275, 1621], [1273, 1623], [1273, 1624], [1272, 1625], [1272, 1626], [1271, 1627], [1271, 1628], [1270, 1629], [1270, 1631], [1269, 1632], [1269, 1633], [1268, 1634], [1268, 1635], [1267, 1636], [1267, 1640], [1266, 1641], [1266, 1642], [1265, 1643], [1265, 1644], [1264, 1645], [1264, 1646], [1263, 1647], [1263, 1648], [1262, 1649], [1262, 1650], [1261, 1651], [1261, 1652], [1260, 1653], [1260, 1654], [1259, 1655], [1259, 1657], [1258, 1658], [1258, 1664], [1260, 1666], [1260, 1667], [1261, 1668], [1261, 1670], [1260, 1671], [1260, 1674], [1257, 1677], [1257, 1680], [1258, 1681], [1258, 1682], [1257, 1683], [1256, 1683], [1253, 1686], [1253, 1688], [1252, 1689], [1252, 1690], [1253, 1691], [1274, 1691], [1275, 1690], [1276, 1690], [1277, 1689], [1278, 1689], [1279, 1688], [1281, 1688], [1282, 1687], [1287, 1687], [1288, 1686], [1292, 1686], [1296, 1682], [1304, 1682], [1305, 1681], [1313, 1681], [1314, 1682], [1315, 1682], [1316, 1683], [1317, 1683], [1318, 1684], [1324, 1684], [1325, 1685], [1326, 1685], [1327, 1686], [1329, 1686], [1330, 1687], [1332, 1687], [1333, 1688], [1335, 1688], [1336, 1689], [1337, 1689], [1338, 1690], [1339, 1690], [1340, 1691], [1342, 1691], [1343, 1692], [1345, 1692], [1346, 1693], [1348, 1693], [1349, 1694], [1352, 1694], [1353, 1695], [1368, 1695], [1370, 1693], [1371, 1693], [1372, 1692], [1373, 1692], [1374, 1691], [1375, 1691], [1376, 1690], [1377, 1690], [1379, 1688], [1380, 1688], [1381, 1687], [1382, 1687], [1385, 1684], [1386, 1684], [1391, 1679], [1392, 1679], [1393, 1678], [1394, 1678], [1395, 1677], [1396, 1677], [1396, 1676], [1398, 1674], [1398, 1673], [1401, 1670], [1401, 1663], [1402, 1662], [1402, 1648], [1401, 1647], [1401, 1640], [1400, 1639], [1400, 1638], [1399, 1637], [1399, 1635], [1398, 1634], [1398, 1631], [1397, 1630], [1397, 1629], [1396, 1628], [1396, 1627], [1393, 1624], [1393, 1623], [1391, 1621], [1391, 1620], [1386, 1615], [1386, 1614], [1375, 1603], [1374, 1603], [1372, 1601], [1371, 1601], [1369, 1599], [1369, 1598], [1365, 1594], [1364, 1594], [1361, 1591], [1361, 1590], [1352, 1581], [1351, 1581], [1350, 1580], [1349, 1580], [1348, 1579], [1347, 1579], [1346, 1578], [1345, 1578], [1344, 1577]]","[[1400, 1696], [1251, 1690], [1256, 1573], [1405, 1579]]",0.77965945,pixels
92,MHR.7997.jpg,ascopore,46.59466552734375,51.7642822265625,1644.0,157.88224959373474,0.9803220035778175,0.8287910748353923,1.0,44.0,44.0,-90.0,839,1311,0.16203019957346135,0.000323971440328596,7.567797443810093e-05,4.4661433012410826e-07,3.106267183094376e-13,7.4237773026647244e-09,2.5778247775474347e-12,"[[838, 1288], [837, 1289], [834, 1289], [833, 1290], [832, 1290], [831, 1291], [830, 1291], [829, 1292], [828, 1292], [824, 1296], [824, 1297], [821, 1300], [821, 1301], [820, 1302], [820, 1303], [819, 1304], [819, 1307], [818, 1308], [818, 1313], [817, 1314], [818, 1315], [818, 1316], [817, 1317], [817, 1318], [818, 1319], [818, 1320], [817, 1321], [818, 1322], [818, 1326], [819, 1327], [819, 1328], [821, 1330], [822, 1330], [823, 1331], [825, 1331], [826, 1332], [834, 1332], [835, 1331], [836, 1332], [837, 1331], [838, 1331], [839, 1332], [840, 1332], [841, 1331], [842, 1332], [843, 1332], [844, 1331], [850, 1331], [851, 1330], [853, 1330], [854, 1329], [855, 1329], [857, 1327], [858, 1327], [860, 1325], [860, 1324], [861, 1323], [861, 1300], [860, 1299], [860, 1297], [857, 1294], [857, 1293], [855, 1291], [854, 1291], [853, 1290], [852, 1290], [851, 1289], [847, 1289], [846, 1288]]","[[861, 1332], [817, 1332], [817, 1288], [861, 1288]]",0.9735981,pixels
93,MHR.7997.jpg,ascopore,43.2685546875,38.44921875,1145.5,127.98275458812714,0.9845294370434036,0.8788242879153729,0.9,40.0,36.0,-90.0,1638,1078,0.16357523587394995,0.00107425621795619,8.748058175154528e-05,8.518548829846785e-07,-3.1859254482254336e-12,-1.894129920128893e-08,6.627697296729708e-12,"[[1644, 1060], [1643, 1061], [1639, 1061], [1638, 1062], [1635, 1062], [1634, 1063], [1632, 1063], [1631, 1064], [1629, 1064], [1628, 1065], [1627, 1065], [1625, 1067], [1624, 1067], [1620, 1071], [1620, 1072], [1618, 1074], [1618, 1076], [1617, 1077], [1617, 1084], [1618, 1085], [1618, 1086], [1620, 1088], [1620, 1089], [1623, 1092], [1624, 1092], [1626, 1094], [1627, 1094], [1628, 1095], [1629, 1095], [1630, 1096], [1645, 1096], [1646, 1095], [1647, 1095], [1653, 1089], [1653, 1088], [1655, 1086], [1655, 1085], [1657, 1083], [1657, 1066], [1654, 1063], [1653, 1063], [1652, 1062], [1651, 1062], [1650, 1061], [1646, 1061], [1645, 1060]]","[[1657, 1096], [1617, 1096], [1617, 1060], [1657, 1060]]",0.9319175,pixels
94,MHR.7997.jpg,ascopore,41.9156494140625,45.200439453125,1158.0,136.56854140758514,0.9654022509378908,0.7802200046692008,1.0,39.0,39.0,-90.0,1152,1167,0.17300087293417937,0.004323498332493771,7.680694287851199e-06,2.2014132683300976e-07,1.2446639383235593e-13,2.0619323581097106e-09,2.5777871079914425e-13,"[[1156, 1148], [1155, 1149], [1154, 1149], [1153, 1150], [1151, 1150], [1149, 1152], [1148, 1152], [1147, 1153], [1145, 1153], [1143, 1155], [1142, 1155], [1140, 1157], [1140, 1158], [1139, 1159], [1139, 1160], [1138, 1161], [1138, 1162], [1137, 1163], [1136, 1163], [1136, 1166], [1135, 1167], [1135, 1169], [1134, 1170], [1134, 1173], [1133, 1174], [1133, 1179], [1134, 1180], [1134, 1182], [1135, 1183], [1135, 1184], [1137, 1186], [1138, 1186], [1139, 1187], [1145, 1187], [1146, 1186], [1156, 1186], [1157, 1185], [1159, 1185], [1160, 1184], [1160, 1183], [1162, 1181], [1162, 1180], [1163, 1179], [1164, 1179], [1167, 1176], [1168, 1176], [1168, 1174], [1170, 1172], [1170, 1170], [1171, 1169], [1171, 1166], [1172, 1165], [1172, 1161], [1171, 1160], [1171, 1159], [1172, 1158], [1172, 1154], [1171, 1153], [1172, 1152], [1170, 1150], [1170, 1149], [1169, 1149], [1168, 1148]]","[[1172, 1187], [1133, 1187], [1133, 1148], [1172, 1148]]",0.89203453,pixels
95,MHR.7997.jpg,ascopore,48.3697509765625,39.31376647949219,1125.5,127.98275482654572,0.9799738789725729,0.8634803425259787,0.8095238095238095,42.0,34.0,-90.0,1321,151,0.16672560104208486,0.002345716334763463,1.832232885536322e-06,5.8020915233134016e-08,1.5153268216739457e-14,2.0373518656052763e-09,-1.132501505330764e-14,"[[1321, 134], [1320, 135], [1319, 135], [1317, 137], [1315, 137], [1314, 138], [1312, 138], [1310, 140], [1309, 140], [1308, 141], [1307, 141], [1303, 145], [1303, 146], [1302, 147], [1302, 148], [1301, 149], [1301, 159], [1302, 160], [1302, 162], [1304, 164], [1304, 165], [1305, 165], [1308, 168], [1324, 168], [1325, 167], [1327, 167], [1328, 166], [1330, 166], [1331, 165], [1332, 165], [1334, 163], [1335, 163], [1338, 160], [1338, 159], [1339, 158], [1339, 157], [1340, 156], [1340, 155], [1343, 152], [1343, 148], [1342, 147], [1342, 144], [1341, 143], [1341, 141], [1336, 136], [1335, 136], [1334, 135], [1333, 135], [1332, 134]]","[[1343, 168], [1301, 168], [1301, 134], [1343, 134]]",0.8322372,pixels
96,MHR.7997.jpg,ascopore,44.9852294921875,38.464508056640625,1015.0,122.56854116916656,0.974088291746641,0.8490199046948473,0.825,40.0,33.0,-90.0,986,368,0.16312265181191987,0.0006590990191323969,0.00016900392455273492,1.5740194294048427e-06,1.7366120809420247e-11,2.815631598041808e-08,-1.8907168974455865e-11,"[[986, 352], [985, 353], [982, 353], [981, 354], [979, 354], [978, 355], [975, 355], [973, 357], [972, 357], [971, 358], [970, 358], [967, 361], [967, 362], [966, 363], [966, 368], [967, 369], [967, 370], [968, 371], [968, 373], [970, 375], [970, 376], [971, 376], [974, 379], [975, 379], [980, 384], [981, 384], [982, 385], [996, 385], [999, 382], [999, 381], [1001, 379], [1002, 379], [1002, 378], [1003, 377], [1003, 376], [1004, 375], [1004, 374], [1005, 373], [1005, 370], [1006, 369], [1005, 368], [1005, 364], [1004, 363], [1004, 361], [1003, 360], [1003, 358], [1002, 357], [1002, 356], [999, 353], [996, 353], [995, 352]]","[[1006, 385], [966, 385], [966, 352], [1006, 352]]",0.80032825,pixels
97,MHR.7997.jpg,ascopore,39.5316162109375,39.775634765625,827.5,110.32590103149414,0.974102413184226,0.8543245774280369,0.8333333333333334,36.0,30.0,-90.0,715,636,0.16240270358615816,0.0006628525181699536,0.00010009480850379127,4.344896865743289e-07,-8.513059434430873e-13,-4.2545036463335075e-09,-2.735947180083678e-12,"[[710, 621], [709, 622], [708, 622], [703, 627], [703, 628], [702, 629], [702, 630], [701, 631], [701, 632], [700, 633], [700, 634], [699, 635], [699, 640], [698, 641], [699, 642], [699, 643], [700, 644], [700, 645], [705, 650], [706, 650], [707, 651], [720, 651], [721, 650], [722, 650], [723, 649], [724, 649], [725, 648], [727, 648], [729, 646], [730, 646], [730, 645], [733, 642], [734, 642], [734, 634], [733, 633], [733, 632], [731, 630], [731, 629], [730, 628], [730, 627], [729, 627], [727, 625], [725, 625], [723, 623], [722, 623], [721, 622], [717, 622], [716, 621]]","[[734, 651], [698, 651], [698, 621], [734, 621]]",0.65576595,pixels
98,MHR.7997.jpg,ascopore,53.81298828125,41.73193359375,1452.0,148.22539567947388,0.9754786698018139,0.8304839500779747,0.74,50.0,37.0,-90.0,1660,695,0.16814767557746177,0.002774063305669424,8.482373702201321e-06,2.693181322363484e-07,2.976333311182778e-13,1.1974718293350853e-08,-2.776890779825887e-13,"[[1660, 677], [1659, 678], [1654, 678], [1653, 679], [1649, 679], [1648, 680], [1647, 680], [1645, 682], [1644, 682], [1643, 683], [1642, 683], [1642, 684], [1641, 685], [1639, 685], [1638, 686], [1638, 687], [1637, 688], [1637, 689], [1636, 690], [1636, 691], [1635, 692], [1635, 699], [1636, 700], [1636, 702], [1640, 706], [1640, 707], [1641, 707], [1642, 708], [1642, 709], [1647, 714], [1662, 714], [1663, 713], [1666, 713], [1667, 712], [1668, 712], [1669, 711], [1671, 711], [1672, 710], [1673, 710], [1674, 709], [1676, 709], [1677, 708], [1680, 708], [1681, 707], [1681, 705], [1685, 701], [1685, 690], [1684, 689], [1684, 688], [1682, 686], [1681, 686], [1680, 685], [1680, 684], [1677, 681], [1675, 681], [1674, 680], [1673, 680], [1672, 679], [1671, 679], [1670, 678], [1666, 678], [1665, 677]]","[[1685, 714], [1635, 714], [1635, 677], [1685, 677]]",0.6063736,pixels
